Sample	0	1	2	3	4	5	6	7	8	9	10	11	12	13	14	15	16	17	18	19	20	21	22	23	24	25	26	27	28	29	30	31	32	33	34	35
SRR19667519_1	(2.0, 1.0)	(3.0, 0.0)	(4.0, 0.0)	(5.0, 0.0)	(6.0, 0.0)	(7.0, 0.0)	(8.0, 0.0)	(9.0, 0.0)	(10.0, 0.0)	(11.0, 0.0)	(12.0, 0.0)	(13.0, 7.0)	(14.0, 40.0)	(15.0, 106.0)	(16.0, 253.0)	(17.0, 482.0)	(18.0, 997.0)	(19.0, 2131.0)	(20.0, 4947.0)	(21.0, 9865.0)	(22.0, 13568.0)	(23.0, 14226.0)	(24.0, 14680.0)	(25.0, 15292.0)	(26.0, 16241.0)	(27.0, 17339.0)	(28.0, 18505.0)	(29.0, 20539.0)	(30.0, 22934.0)	(31.0, 25531.0)	(32.0, 28861.0)	(33.0, 33257.0)	(34.0, 38366.0)	(35.0, 44671.0)	(36.0, 36531.0)	(37.0, 3069.0)
SRR19667519_2	(11.0, 27.0)	(12.0, 134.0)	(13.0, 237.0)	(14.0, 776.0)	(15.0, 3335.0)	(16.0, 6146.0)	(17.0, 6006.0)	(18.0, 5497.0)	(19.0, 5275.0)	(20.0, 4781.0)	(21.0, 4724.0)	(22.0, 5921.0)	(23.0, 8700.0)	(24.0, 12430.0)	(25.0, 16547.0)	(26.0, 21015.0)	(27.0, 26465.0)	(28.0, 32213.0)	(29.0, 37958.0)	(30.0, 42121.0)	(31.0, 46171.0)	(32.0, 44055.0)	(33.0, 33555.0)	(34.0, 14852.0)	(35.0, 2158.0)	(36.0, 641.0)	(37.0, 699.0)									
SRR19667520_1	(14.0, 7.0)	(15.0, 47.0)	(16.0, 94.0)	(17.0, 192.0)	(18.0, 489.0)	(19.0, 1230.0)	(20.0, 2783.0)	(21.0, 6038.0)	(22.0, 8374.0)	(23.0, 8947.0)	(24.0, 9322.0)	(25.0, 10002.0)	(26.0, 10633.0)	(27.0, 11042.0)	(28.0, 12055.0)	(29.0, 13141.0)	(30.0, 14682.0)	(31.0, 16613.0)	(32.0, 18698.0)	(33.0, 21659.0)	(34.0, 25153.0)	(35.0, 29200.0)	(36.0, 25203.0)	(37.0, 2288.0)												
SRR19667520_2	(10.0, 1.0)	(11.0, 20.0)	(12.0, 94.0)	(13.0, 105.0)	(14.0, 441.0)	(15.0, 2154.0)	(16.0, 3955.0)	(17.0, 3713.0)	(18.0, 3456.0)	(19.0, 3338.0)	(20.0, 2958.0)	(21.0, 2884.0)	(22.0, 3410.0)	(23.0, 4825.0)	(24.0, 7345.0)	(25.0, 10073.0)	(26.0, 13049.0)	(27.0, 16431.0)	(28.0, 20279.0)	(29.0, 24127.0)	(30.0, 27394.0)	(31.0, 30309.0)	(32.0, 30082.0)	(33.0, 23529.0)	(34.0, 11108.0)	(35.0, 1866.0)	(36.0, 445.0)	(37.0, 501.0)								
SRR19667521_1	(2.0, 15.0)	(3.0, 0.0)	(4.0, 0.0)	(5.0, 0.0)	(6.0, 0.0)	(7.0, 0.0)	(8.0, 0.0)	(9.0, 0.0)	(10.0, 0.0)	(11.0, 0.0)	(12.0, 0.0)	(13.0, 0.0)	(14.0, 2.0)	(15.0, 8.0)	(16.0, 23.0)	(17.0, 53.0)	(18.0, 145.0)	(19.0, 275.0)	(20.0, 610.0)	(21.0, 1482.0)	(22.0, 2355.0)	(23.0, 2881.0)	(24.0, 3155.0)	(25.0, 3630.0)	(26.0, 3918.0)	(27.0, 4377.0)	(28.0, 5011.0)	(29.0, 5739.0)	(30.0, 6819.0)	(31.0, 8162.0)	(32.0, 9898.0)	(33.0, 12594.0)	(34.0, 16794.0)	(35.0, 23997.0)	(36.0, 41290.0)	(37.0, 50057.0)
SRR19667521_2	(2.0, 16.0)	(3.0, 0.0)	(4.0, 0.0)	(5.0, 0.0)	(6.0, 0.0)	(7.0, 0.0)	(8.0, 0.0)	(9.0, 0.0)	(10.0, 1.0)	(11.0, 21.0)	(12.0, 222.0)	(13.0, 239.0)	(14.0, 174.0)	(15.0, 198.0)	(16.0, 296.0)	(17.0, 459.0)	(18.0, 682.0)	(19.0, 960.0)	(20.0, 1294.0)	(21.0, 1664.0)	(22.0, 2173.0)	(23.0, 2923.0)	(24.0, 4174.0)	(25.0, 5450.0)	(26.0, 6479.0)	(27.0, 8183.0)	(28.0, 10007.0)	(29.0, 13035.0)	(30.0, 16914.0)	(31.0, 21556.0)	(32.0, 26832.0)	(33.0, 30497.0)	(34.0, 27931.0)	(35.0, 15615.0)	(36.0, 3328.0)	(37.0, 1967.0)
SRR19667522_1	(2.0, 18.0)	(3.0, 0.0)	(4.0, 0.0)	(5.0, 0.0)	(6.0, 0.0)	(7.0, 0.0)	(8.0, 0.0)	(9.0, 0.0)	(10.0, 0.0)	(11.0, 0.0)	(12.0, 0.0)	(13.0, 0.0)	(14.0, 5.0)	(15.0, 9.0)	(16.0, 29.0)	(17.0, 95.0)	(18.0, 230.0)	(19.0, 407.0)	(20.0, 896.0)	(21.0, 2084.0)	(22.0, 3499.0)	(23.0, 4424.0)	(24.0, 5057.0)	(25.0, 5722.0)	(26.0, 6213.0)	(27.0, 7061.0)	(28.0, 8173.0)	(29.0, 9409.0)	(30.0, 11071.0)	(31.0, 13516.0)	(32.0, 16396.0)	(33.0, 20845.0)	(34.0, 27003.0)	(35.0, 39420.0)	(36.0, 68603.0)	(37.0, 92842.0)
SRR19667522_2	(2.0, 18.0)	(3.0, 0.0)	(4.0, 0.0)	(5.0, 0.0)	(6.0, 0.0)	(7.0, 0.0)	(8.0, 0.0)	(9.0, 0.0)	(10.0, 1.0)	(11.0, 39.0)	(12.0, 328.0)	(13.0, 329.0)	(14.0, 252.0)	(15.0, 260.0)	(16.0, 427.0)	(17.0, 761.0)	(18.0, 1131.0)	(19.0, 1486.0)	(20.0, 2112.0)	(21.0, 2691.0)	(22.0, 3435.0)	(23.0, 4856.0)	(24.0, 7020.0)	(25.0, 8935.0)	(26.0, 11058.0)	(27.0, 13745.0)	(28.0, 17602.0)	(29.0, 22439.0)	(30.0, 28850.0)	(31.0, 36959.0)	(32.0, 45456.0)	(33.0, 51258.0)	(34.0, 47881.0)	(35.0, 27549.0)	(36.0, 5031.0)	(37.0, 1118.0)
SRR19667523_1	(2.0, 3.0)	(3.0, 0.0)	(4.0, 0.0)	(5.0, 0.0)	(6.0, 0.0)	(7.0, 0.0)	(8.0, 0.0)	(9.0, 0.0)	(10.0, 0.0)	(11.0, 0.0)	(12.0, 0.0)	(13.0, 0.0)	(14.0, 5.0)	(15.0, 15.0)	(16.0, 31.0)	(17.0, 87.0)	(18.0, 157.0)	(19.0, 361.0)	(20.0, 845.0)	(21.0, 1810.0)	(22.0, 2834.0)	(23.0, 3628.0)	(24.0, 4114.0)	(25.0, 4531.0)	(26.0, 5124.0)	(27.0, 5741.0)	(28.0, 6530.0)	(29.0, 7617.0)	(30.0, 8976.0)	(31.0, 10861.0)	(32.0, 13339.0)	(33.0, 17202.0)	(34.0, 22540.0)	(35.0, 32414.0)	(36.0, 56437.0)	(37.0, 77280.0)
SRR19667523_2	(2.0, 3.0)	(3.0, 0.0)	(4.0, 0.0)	(5.0, 0.0)	(6.0, 0.0)	(7.0, 0.0)	(8.0, 0.0)	(9.0, 0.0)	(10.0, 0.0)	(11.0, 21.0)	(12.0, 229.0)	(13.0, 259.0)	(14.0, 188.0)	(15.0, 214.0)	(16.0, 364.0)	(17.0, 610.0)	(18.0, 830.0)	(19.0, 1195.0)	(20.0, 1565.0)	(21.0, 2001.0)	(22.0, 2690.0)	(23.0, 3559.0)	(24.0, 5217.0)	(25.0, 6645.0)	(26.0, 8391.0)	(27.0, 10145.0)	(28.0, 13027.0)	(29.0, 16865.0)	(30.0, 22217.0)	(31.0, 28892.0)	(32.0, 36586.0)	(33.0, 43300.0)	(34.0, 43492.0)	(35.0, 27438.0)	(36.0, 5361.0)	(37.0, 1178.0)
SRR19667524_1	(2.0, 2.0)	(3.0, 0.0)	(4.0, 0.0)	(5.0, 0.0)	(6.0, 0.0)	(7.0, 0.0)	(8.0, 0.0)	(9.0, 0.0)	(10.0, 0.0)	(11.0, 0.0)	(12.0, 1.0)	(13.0, 4.0)	(14.0, 30.0)	(15.0, 110.0)	(16.0, 170.0)	(17.0, 215.0)	(18.0, 268.0)	(19.0, 439.0)	(20.0, 988.0)	(21.0, 2065.0)	(22.0, 3143.0)	(23.0, 3802.0)	(24.0, 3991.0)	(25.0, 4337.0)	(26.0, 4715.0)	(27.0, 5221.0)	(28.0, 5820.0)	(29.0, 6821.0)	(30.0, 7994.0)	(31.0, 9660.0)	(32.0, 11802.0)	(33.0, 15432.0)	(34.0, 20536.0)	(35.0, 29472.0)	(36.0, 50808.0)	(37.0, 61158.0)
SRR19667524_2	(2.0, 4.0)	(3.0, 0.0)	(4.0, 0.0)	(5.0, 0.0)	(6.0, 0.0)	(7.0, 0.0)	(8.0, 0.0)	(9.0, 0.0)	(10.0, 0.0)	(11.0, 29.0)	(12.0, 275.0)	(13.0, 394.0)	(14.0, 229.0)	(15.0, 233.0)	(16.0, 364.0)	(17.0, 607.0)	(18.0, 852.0)	(19.0, 1020.0)	(20.0, 1358.0)	(21.0, 1779.0)	(22.0, 2190.0)	(23.0, 2923.0)	(24.0, 4016.0)	(25.0, 5233.0)	(26.0, 6450.0)	(27.0, 7875.0)	(28.0, 10120.0)	(29.0, 13322.0)	(30.0, 17806.0)	(31.0, 23301.0)	(32.0, 30613.0)	(33.0, 38359.0)	(34.0, 42189.0)	(35.0, 30444.0)	(36.0, 6639.0)	(37.0, 380.0)
SRR19667525_1	(2.0, 2.0)	(3.0, 0.0)	(4.0, 0.0)	(5.0, 0.0)	(6.0, 0.0)	(7.0, 0.0)	(8.0, 0.0)	(9.0, 0.0)	(10.0, 0.0)	(11.0, 0.0)	(12.0, 0.0)	(13.0, 1.0)	(14.0, 13.0)	(15.0, 76.0)	(16.0, 97.0)	(17.0, 139.0)	(18.0, 212.0)	(19.0, 347.0)	(20.0, 789.0)	(21.0, 1651.0)	(22.0, 2663.0)	(23.0, 2946.0)	(24.0, 3187.0)	(25.0, 3407.0)	(26.0, 3604.0)	(27.0, 3950.0)	(28.0, 4333.0)	(29.0, 5066.0)	(30.0, 6148.0)	(31.0, 7389.0)	(32.0, 9196.0)	(33.0, 11677.0)	(34.0, 15276.0)	(35.0, 22334.0)	(36.0, 38274.0)	(37.0, 37935.0)
SRR19667525_2	(2.0, 3.0)	(3.0, 0.0)	(4.0, 0.0)	(5.0, 0.0)	(6.0, 0.0)	(7.0, 0.0)	(8.0, 0.0)	(9.0, 0.0)	(10.0, 0.0)	(11.0, 13.0)	(12.0, 114.0)	(13.0, 169.0)	(14.0, 124.0)	(15.0, 149.0)	(16.0, 214.0)	(17.0, 461.0)	(18.0, 619.0)	(19.0, 742.0)	(20.0, 1082.0)	(21.0, 1373.0)	(22.0, 1737.0)	(23.0, 2387.0)	(24.0, 3349.0)	(25.0, 4392.0)	(26.0, 5206.0)	(27.0, 6329.0)	(28.0, 7998.0)	(29.0, 10240.0)	(30.0, 13506.0)	(31.0, 17779.0)	(32.0, 23316.0)	(33.0, 29107.0)	(34.0, 29160.0)	(35.0, 17484.0)	(36.0, 3057.0)	(37.0, 602.0)
SRR19667526_1	(2.0, 5.0)	(3.0, 0.0)	(4.0, 0.0)	(5.0, 0.0)	(6.0, 0.0)	(7.0, 0.0)	(8.0, 0.0)	(9.0, 0.0)	(10.0, 0.0)	(11.0, 0.0)	(12.0, 0.0)	(13.0, 4.0)	(14.0, 35.0)	(15.0, 105.0)	(16.0, 132.0)	(17.0, 155.0)	(18.0, 169.0)	(19.0, 252.0)	(20.0, 656.0)	(21.0, 1398.0)	(22.0, 2079.0)	(23.0, 2270.0)	(24.0, 2497.0)	(25.0, 2746.0)	(26.0, 2919.0)	(27.0, 3163.0)	(28.0, 3687.0)	(29.0, 4200.0)	(30.0, 4892.0)	(31.0, 5853.0)	(32.0, 7367.0)	(33.0, 9244.0)	(34.0, 12117.0)	(35.0, 18027.0)	(36.0, 30886.0)	(37.0, 43648.0)
SRR19667526_2	(2.0, 5.0)	(3.0, 0.0)	(4.0, 0.0)	(5.0, 0.0)	(6.0, 0.0)	(7.0, 0.0)	(8.0, 0.0)	(9.0, 0.0)	(10.0, 0.0)	(11.0, 21.0)	(12.0, 149.0)	(13.0, 171.0)	(14.0, 95.0)	(15.0, 138.0)	(16.0, 235.0)	(17.0, 411.0)	(18.0, 550.0)	(19.0, 650.0)	(20.0, 852.0)	(21.0, 1097.0)	(22.0, 1479.0)	(23.0, 2077.0)	(24.0, 2900.0)	(25.0, 3614.0)	(26.0, 4468.0)	(27.0, 5264.0)	(28.0, 6715.0)	(29.0, 8588.0)	(30.0, 11225.0)	(31.0, 14612.0)	(32.0, 19269.0)	(33.0, 24495.0)	(34.0, 26518.0)	(35.0, 18597.0)	(36.0, 3978.0)	(37.0, 333.0)
SRR19667527_1	(2.0, 1.0)	(3.0, 0.0)	(4.0, 0.0)	(5.0, 0.0)	(6.0, 0.0)	(7.0, 0.0)	(8.0, 0.0)	(9.0, 0.0)	(10.0, 0.0)	(11.0, 0.0)	(12.0, 0.0)	(13.0, 3.0)	(14.0, 35.0)	(15.0, 116.0)	(16.0, 133.0)	(17.0, 173.0)	(18.0, 269.0)	(19.0, 456.0)	(20.0, 990.0)	(21.0, 2272.0)	(22.0, 3575.0)	(23.0, 3920.0)	(24.0, 3900.0)	(25.0, 4133.0)	(26.0, 4404.0)	(27.0, 4754.0)	(28.0, 5441.0)	(29.0, 6284.0)	(30.0, 7573.0)	(31.0, 9106.0)	(32.0, 11586.0)	(33.0, 14925.0)	(34.0, 20446.0)	(35.0, 28751.0)	(36.0, 45759.0)	(37.0, 32381.0)
SRR19667527_2	(2.0, 2.0)	(3.0, 0.0)	(4.0, 0.0)	(5.0, 0.0)	(6.0, 0.0)	(7.0, 0.0)	(8.0, 0.0)	(9.0, 0.0)	(10.0, 1.0)	(11.0, 43.0)	(12.0, 387.0)	(13.0, 480.0)	(14.0, 302.0)	(15.0, 340.0)	(16.0, 545.0)	(17.0, 760.0)	(18.0, 1054.0)	(19.0, 1290.0)	(20.0, 1684.0)	(21.0, 2163.0)	(22.0, 2762.0)	(23.0, 3865.0)	(24.0, 5445.0)	(25.0, 7136.0)	(26.0, 8778.0)	(27.0, 10514.0)	(28.0, 13454.0)	(29.0, 17333.0)	(30.0, 22581.0)	(31.0, 26260.0)	(32.0, 28500.0)	(33.0, 26712.0)	(34.0, 18939.0)	(35.0, 8288.0)	(36.0, 1253.0)	(37.0, 515.0)
SRR19667528_1	(2.0, 10.0)	(3.0, 0.0)	(4.0, 0.0)	(5.0, 0.0)	(6.0, 0.0)	(7.0, 0.0)	(8.0, 0.0)	(9.0, 0.0)	(10.0, 0.0)	(11.0, 0.0)	(12.0, 2.0)	(13.0, 42.0)	(14.0, 317.0)	(15.0, 657.0)	(16.0, 670.0)	(17.0, 692.0)	(18.0, 778.0)	(19.0, 1192.0)	(20.0, 2690.0)	(21.0, 5936.0)	(22.0, 9031.0)	(23.0, 10175.0)	(24.0, 10425.0)	(25.0, 10774.0)	(26.0, 11390.0)	(27.0, 12482.0)	(28.0, 14333.0)	(29.0, 16164.0)	(30.0, 19095.0)	(31.0, 22904.0)	(32.0, 28287.0)	(33.0, 35517.0)	(34.0, 47450.0)	(35.0, 68725.0)	(36.0, 120342.0)	(37.0, 151314.0)
SRR19667528_2	(2.0, 13.0)	(3.0, 0.0)	(4.0, 0.0)	(5.0, 0.0)	(6.0, 0.0)	(7.0, 0.0)	(8.0, 0.0)	(9.0, 0.0)	(10.0, 6.0)	(11.0, 122.0)	(12.0, 838.0)	(13.0, 874.0)	(14.0, 649.0)	(15.0, 820.0)	(16.0, 1426.0)	(17.0, 2079.0)	(18.0, 2545.0)	(19.0, 3191.0)	(20.0, 3846.0)	(21.0, 4756.0)	(22.0, 6032.0)	(23.0, 8762.0)	(24.0, 12072.0)	(25.0, 15103.0)	(26.0, 17597.0)	(27.0, 21388.0)	(28.0, 27142.0)	(29.0, 34733.0)	(30.0, 44406.0)	(31.0, 57748.0)	(32.0, 74026.0)	(33.0, 90451.0)	(34.0, 94507.0)	(35.0, 61942.0)	(36.0, 12519.0)	(37.0, 1801.0)
SRR19667529_1	(2.0, 2.0)	(3.0, 0.0)	(4.0, 0.0)	(5.0, 0.0)	(6.0, 0.0)	(7.0, 0.0)	(8.0, 0.0)	(9.0, 0.0)	(10.0, 0.0)	(11.0, 0.0)	(12.0, 0.0)	(13.0, 0.0)	(14.0, 1.0)	(15.0, 2.0)	(16.0, 11.0)	(17.0, 38.0)	(18.0, 64.0)	(19.0, 130.0)	(20.0, 365.0)	(21.0, 740.0)	(22.0, 1273.0)	(23.0, 1417.0)	(24.0, 1569.0)	(25.0, 1669.0)	(26.0, 1820.0)	(27.0, 2043.0)	(28.0, 2281.0)	(29.0, 2661.0)	(30.0, 3133.0)	(31.0, 3914.0)	(32.0, 4813.0)	(33.0, 5934.0)	(34.0, 7929.0)	(35.0, 11381.0)	(36.0, 18711.0)	(37.0, 15617.0)
SRR19667529_2	(2.0, 3.0)	(3.0, 0.0)	(4.0, 0.0)	(5.0, 0.0)	(6.0, 0.0)	(7.0, 0.0)	(8.0, 0.0)	(9.0, 0.0)	(10.0, 0.0)	(11.0, 7.0)	(12.0, 91.0)	(13.0, 101.0)	(14.0, 76.0)	(15.0, 106.0)	(16.0, 141.0)	(17.0, 260.0)	(18.0, 360.0)	(19.0, 469.0)	(20.0, 609.0)	(21.0, 749.0)	(22.0, 1000.0)	(23.0, 1390.0)	(24.0, 2066.0)	(25.0, 2649.0)	(26.0, 3070.0)	(27.0, 3945.0)	(28.0, 5012.0)	(29.0, 6310.0)	(30.0, 8036.0)	(31.0, 10050.0)	(32.0, 12166.0)	(33.0, 12882.0)	(34.0, 10590.0)	(35.0, 4735.0)	(36.0, 529.0)	(37.0, 116.0)
SRR19667530_1	(2.0, 2.0)	(3.0, 0.0)	(4.0, 0.0)	(5.0, 0.0)	(6.0, 0.0)	(7.0, 0.0)	(8.0, 0.0)	(9.0, 0.0)	(10.0, 0.0)	(11.0, 0.0)	(12.0, 0.0)	(13.0, 0.0)	(14.0, 0.0)	(15.0, 2.0)	(16.0, 11.0)	(17.0, 27.0)	(18.0, 57.0)	(19.0, 109.0)	(20.0, 224.0)	(21.0, 445.0)	(22.0, 803.0)	(23.0, 1035.0)	(24.0, 1115.0)	(25.0, 1266.0)	(26.0, 1406.0)	(27.0, 1553.0)	(28.0, 1838.0)	(29.0, 2110.0)	(30.0, 2515.0)	(31.0, 2906.0)	(32.0, 3633.0)	(33.0, 4624.0)	(34.0, 6125.0)	(35.0, 8762.0)	(36.0, 14660.0)	(37.0, 14483.0)
SRR19667530_2	(2.0, 1.0)	(3.0, 0.0)	(4.0, 0.0)	(5.0, 0.0)	(6.0, 0.0)	(7.0, 0.0)	(8.0, 0.0)	(9.0, 0.0)	(10.0, 0.0)	(11.0, 7.0)	(12.0, 57.0)	(13.0, 60.0)	(14.0, 45.0)	(15.0, 62.0)	(16.0, 84.0)	(17.0, 183.0)	(18.0, 239.0)	(19.0, 376.0)	(20.0, 471.0)	(21.0, 566.0)	(22.0, 790.0)	(23.0, 1126.0)	(24.0, 1572.0)	(25.0, 2084.0)	(26.0, 2541.0)	(27.0, 3152.0)	(28.0, 3821.0)	(29.0, 5015.0)	(30.0, 6226.0)	(31.0, 7621.0)	(32.0, 9499.0)	(33.0, 10386.0)	(34.0, 8590.0)	(35.0, 4345.0)	(36.0, 681.0)	(37.0, 111.0)
SRR19667531_1	(2.0, 451.0)	(3.0, 0.0)	(4.0, 0.0)	(5.0, 0.0)	(6.0, 0.0)	(7.0, 0.0)	(8.0, 0.0)	(9.0, 0.0)	(10.0, 0.0)	(11.0, 0.0)	(12.0, 2.0)	(13.0, 2.0)	(14.0, 29.0)	(15.0, 122.0)	(16.0, 314.0)	(17.0, 547.0)	(18.0, 839.0)	(19.0, 1507.0)	(20.0, 3623.0)	(21.0, 7846.0)	(22.0, 11669.0)	(23.0, 13436.0)	(24.0, 14613.0)	(25.0, 16020.0)	(26.0, 17407.0)	(27.0, 19180.0)	(28.0, 22072.0)	(29.0, 25508.0)	(30.0, 30144.0)	(31.0, 36340.0)	(32.0, 44976.0)	(33.0, 56891.0)	(34.0, 75283.0)	(35.0, 106905.0)	(36.0, 181878.0)	(37.0, 227696.0)
SRR19667531_2	(2.0, 397.0)	(3.0, 0.0)	(4.0, 0.0)	(5.0, 0.0)	(6.0, 0.0)	(7.0, 0.0)	(8.0, 0.0)	(9.0, 0.0)	(10.0, 3.0)	(11.0, 89.0)	(12.0, 914.0)	(13.0, 1039.0)	(14.0, 594.0)	(15.0, 633.0)	(16.0, 1123.0)	(17.0, 2049.0)	(18.0, 3022.0)	(19.0, 3862.0)	(20.0, 5194.0)	(21.0, 6578.0)	(22.0, 8331.0)	(23.0, 11410.0)	(24.0, 15677.0)	(25.0, 20719.0)	(26.0, 25973.0)	(27.0, 32348.0)	(28.0, 41227.0)	(29.0, 54459.0)	(30.0, 70804.0)	(31.0, 92635.0)	(32.0, 117028.0)	(33.0, 141888.0)	(34.0, 144618.0)	(35.0, 92370.0)	(36.0, 17001.0)	(37.0, 3315.0)
SRR19667532_1	(2.0, 502.0)	(3.0, 0.0)	(4.0, 0.0)	(5.0, 0.0)	(6.0, 0.0)	(7.0, 0.0)	(8.0, 0.0)	(9.0, 0.0)	(10.0, 0.0)	(11.0, 0.0)	(12.0, 0.0)	(13.0, 1.0)	(14.0, 8.0)	(15.0, 38.0)	(16.0, 86.0)	(17.0, 135.0)	(18.0, 200.0)	(19.0, 299.0)	(20.0, 507.0)	(21.0, 1090.0)	(22.0, 2159.0)	(23.0, 2597.0)	(24.0, 2979.0)	(25.0, 3402.0)	(26.0, 3772.0)	(27.0, 4242.0)	(28.0, 4873.0)	(29.0, 5690.0)	(30.0, 6831.0)	(31.0, 8120.0)	(32.0, 10233.0)	(33.0, 12869.0)	(34.0, 17449.0)	(35.0, 25542.0)	(36.0, 45038.0)	(37.0, 57255.0)
SRR19667532_2	(2.0, 320.0)	(3.0, 0.0)	(4.0, 0.0)	(5.0, 0.0)	(6.0, 0.0)	(7.0, 0.0)	(8.0, 0.0)	(9.0, 0.0)	(10.0, 0.0)	(11.0, 10.0)	(12.0, 68.0)	(13.0, 71.0)	(14.0, 52.0)	(15.0, 68.0)	(16.0, 129.0)	(17.0, 312.0)	(18.0, 586.0)	(19.0, 751.0)	(20.0, 1077.0)	(21.0, 1361.0)	(22.0, 1705.0)	(23.0, 2304.0)	(24.0, 3112.0)	(25.0, 4013.0)	(26.0, 5344.0)	(27.0, 6591.0)	(28.0, 8322.0)	(29.0, 11451.0)	(30.0, 15254.0)	(31.0, 20659.0)	(32.0, 27036.0)	(33.0, 34754.0)	(34.0, 37772.0)	(35.0, 26702.0)	(36.0, 5875.0)	(37.0, 218.0)
SRR19667533_1	(2.0, 372.0)	(3.0, 0.0)	(4.0, 0.0)	(5.0, 0.0)	(6.0, 0.0)	(7.0, 0.0)	(8.0, 0.0)	(9.0, 0.0)	(10.0, 0.0)	(11.0, 0.0)	(12.0, 0.0)	(13.0, 2.0)	(14.0, 17.0)	(15.0, 70.0)	(16.0, 207.0)	(17.0, 312.0)	(18.0, 444.0)	(19.0, 845.0)	(20.0, 1960.0)	(21.0, 4148.0)	(22.0, 6326.0)	(23.0, 7327.0)	(24.0, 7896.0)	(25.0, 8206.0)	(26.0, 8975.0)	(27.0, 9942.0)	(28.0, 10934.0)	(29.0, 12730.0)	(30.0, 15144.0)	(31.0, 18247.0)	(32.0, 22333.0)	(33.0, 27767.0)	(34.0, 37133.0)	(35.0, 53284.0)	(36.0, 89669.0)	(37.0, 111947.0)
SRR19667533_2	(2.0, 329.0)	(3.0, 0.0)	(4.0, 0.0)	(5.0, 0.0)	(6.0, 0.0)	(7.0, 0.0)	(8.0, 0.0)	(9.0, 0.0)	(10.0, 5.0)	(11.0, 58.0)	(12.0, 524.0)	(13.0, 490.0)	(14.0, 275.0)	(15.0, 328.0)	(16.0, 649.0)	(17.0, 1155.0)	(18.0, 1594.0)	(19.0, 2171.0)	(20.0, 2765.0)	(21.0, 3528.0)	(22.0, 4406.0)	(23.0, 6034.0)	(24.0, 8298.0)	(25.0, 10799.0)	(26.0, 13709.0)	(27.0, 16985.0)	(28.0, 21233.0)	(29.0, 28053.0)	(30.0, 36280.0)	(31.0, 46648.0)	(32.0, 58235.0)	(33.0, 68441.0)	(34.0, 69589.0)	(35.0, 43676.0)	(36.0, 7808.0)	(37.0, 2172.0)
SRR19667534_1	(2.0, 253.0)	(3.0, 0.0)	(4.0, 0.0)	(5.0, 0.0)	(6.0, 0.0)	(7.0, 0.0)	(8.0, 0.0)	(9.0, 0.0)	(10.0, 0.0)	(11.0, 0.0)	(12.0, 0.0)	(13.0, 1.0)	(14.0, 7.0)	(15.0, 32.0)	(16.0, 81.0)	(17.0, 118.0)	(18.0, 206.0)	(19.0, 298.0)	(20.0, 727.0)	(21.0, 1475.0)	(22.0, 2396.0)	(23.0, 2781.0)	(24.0, 2960.0)	(25.0, 3073.0)	(26.0, 3394.0)	(27.0, 3628.0)	(28.0, 4086.0)	(29.0, 4593.0)	(30.0, 5650.0)	(31.0, 6724.0)	(32.0, 8095.0)	(33.0, 10356.0)	(34.0, 13593.0)	(35.0, 19422.0)	(36.0, 33380.0)	(37.0, 43722.0)
SRR19667534_2	(2.0, 227.0)	(3.0, 0.0)	(4.0, 0.0)	(5.0, 0.0)	(6.0, 0.0)	(7.0, 0.0)	(8.0, 0.0)	(9.0, 0.0)	(10.0, 0.0)	(11.0, 29.0)	(12.0, 195.0)	(13.0, 243.0)	(14.0, 150.0)	(15.0, 161.0)	(16.0, 289.0)	(17.0, 491.0)	(18.0, 703.0)	(19.0, 959.0)	(20.0, 1140.0)	(21.0, 1468.0)	(22.0, 1842.0)	(23.0, 2520.0)	(24.0, 3429.0)	(25.0, 4408.0)	(26.0, 5274.0)	(27.0, 6480.0)	(28.0, 8200.0)	(29.0, 10609.0)	(30.0, 13655.0)	(31.0, 17273.0)	(32.0, 21347.0)	(33.0, 24640.0)	(34.0, 24601.0)	(35.0, 14432.0)	(36.0, 3091.0)	(37.0, 3195.0)
SRR19667535_1	(2.0, 37.0)	(3.0, 0.0)	(4.0, 0.0)	(5.0, 0.0)	(6.0, 0.0)	(7.0, 0.0)	(8.0, 0.0)	(9.0, 0.0)	(10.0, 0.0)	(11.0, 0.0)	(12.0, 0.0)	(13.0, 0.0)	(14.0, 2.0)	(15.0, 7.0)	(16.0, 44.0)	(17.0, 83.0)	(18.0, 188.0)	(19.0, 319.0)	(20.0, 804.0)	(21.0, 1802.0)	(22.0, 2644.0)	(23.0, 3195.0)	(24.0, 3456.0)	(25.0, 3915.0)	(26.0, 4264.0)	(27.0, 4566.0)	(28.0, 5387.0)	(29.0, 6228.0)	(30.0, 7457.0)	(31.0, 9063.0)	(32.0, 11149.0)	(33.0, 14150.0)	(34.0, 18879.0)	(35.0, 27057.0)	(36.0, 44720.0)	(37.0, 41300.0)
SRR19667535_2	(2.0, 34.0)	(3.0, 0.0)	(4.0, 0.0)	(5.0, 0.0)	(6.0, 0.0)	(7.0, 0.0)	(8.0, 0.0)	(9.0, 0.0)	(10.0, 0.0)	(11.0, 26.0)	(12.0, 218.0)	(13.0, 246.0)	(14.0, 186.0)	(15.0, 179.0)	(16.0, 327.0)	(17.0, 562.0)	(18.0, 902.0)	(19.0, 1182.0)	(20.0, 1492.0)	(21.0, 1895.0)	(22.0, 2398.0)	(23.0, 3247.0)	(24.0, 4467.0)	(25.0, 5971.0)	(26.0, 7202.0)	(27.0, 8831.0)	(28.0, 11389.0)	(29.0, 14453.0)	(30.0, 18097.0)	(31.0, 23036.0)	(32.0, 28118.0)	(33.0, 31403.0)	(34.0, 27701.0)	(35.0, 13318.0)	(36.0, 2236.0)	(37.0, 1600.0)
SRR19667536_1	(2.0, 49.0)	(3.0, 0.0)	(4.0, 0.0)	(5.0, 0.0)	(6.0, 0.0)	(7.0, 0.0)	(8.0, 0.0)	(9.0, 0.0)	(10.0, 0.0)	(11.0, 0.0)	(12.0, 0.0)	(13.0, 0.0)	(14.0, 1.0)	(15.0, 9.0)	(16.0, 24.0)	(17.0, 50.0)	(18.0, 103.0)	(19.0, 199.0)	(20.0, 383.0)	(21.0, 953.0)	(22.0, 1466.0)	(23.0, 1877.0)	(24.0, 2170.0)	(25.0, 2389.0)	(26.0, 2710.0)	(27.0, 2980.0)	(28.0, 3397.0)	(29.0, 3869.0)	(30.0, 4558.0)	(31.0, 5692.0)	(32.0, 7238.0)	(33.0, 8976.0)	(34.0, 11931.0)	(35.0, 17011.0)	(36.0, 29588.0)	(37.0, 31074.0)
SRR19667536_2	(2.0, 49.0)	(3.0, 0.0)	(4.0, 0.0)	(5.0, 0.0)	(6.0, 0.0)	(7.0, 0.0)	(8.0, 0.0)	(9.0, 0.0)	(10.0, 1.0)	(11.0, 9.0)	(12.0, 125.0)	(13.0, 132.0)	(14.0, 101.0)	(15.0, 126.0)	(16.0, 258.0)	(17.0, 422.0)	(18.0, 653.0)	(19.0, 836.0)	(20.0, 1109.0)	(21.0, 1487.0)	(22.0, 1914.0)	(23.0, 2609.0)	(24.0, 3803.0)	(25.0, 4683.0)	(26.0, 5548.0)	(27.0, 6666.0)	(28.0, 8217.0)	(29.0, 10453.0)	(30.0, 12855.0)	(31.0, 15444.0)	(32.0, 17364.0)	(33.0, 17734.0)	(34.0, 14224.0)	(35.0, 6540.0)	(36.0, 1955.0)	(37.0, 3380.0)
SRR19667537_1	(2.0, 27.0)	(3.0, 0.0)	(4.0, 0.0)	(5.0, 0.0)	(6.0, 0.0)	(7.0, 0.0)	(8.0, 0.0)	(9.0, 0.0)	(10.0, 0.0)	(11.0, 0.0)	(12.0, 0.0)	(13.0, 2.0)	(14.0, 8.0)	(15.0, 50.0)	(16.0, 88.0)	(17.0, 159.0)	(18.0, 214.0)	(19.0, 368.0)	(20.0, 838.0)	(21.0, 1795.0)	(22.0, 3031.0)	(23.0, 3677.0)	(24.0, 3987.0)	(25.0, 4177.0)	(26.0, 4651.0)	(27.0, 5006.0)	(28.0, 5576.0)	(29.0, 6559.0)	(30.0, 7769.0)	(31.0, 9156.0)	(32.0, 11280.0)	(33.0, 14327.0)	(34.0, 19099.0)	(35.0, 27633.0)	(36.0, 47134.0)	(37.0, 59835.0)
SRR19667537_2	(2.0, 25.0)	(3.0, 0.0)	(4.0, 0.0)	(5.0, 0.0)	(6.0, 0.0)	(7.0, 0.0)	(8.0, 0.0)	(9.0, 0.0)	(10.0, 2.0)	(11.0, 30.0)	(12.0, 189.0)	(13.0, 197.0)	(14.0, 128.0)	(15.0, 156.0)	(16.0, 281.0)	(17.0, 543.0)	(18.0, 793.0)	(19.0, 1059.0)	(20.0, 1377.0)	(21.0, 1825.0)	(22.0, 2209.0)	(23.0, 3100.0)	(24.0, 4387.0)	(25.0, 5610.0)	(26.0, 6899.0)	(27.0, 8358.0)	(28.0, 10402.0)	(29.0, 13650.0)	(30.0, 18022.0)	(31.0, 23168.0)	(32.0, 29472.0)	(33.0, 35313.0)	(34.0, 36884.0)	(35.0, 24927.0)	(36.0, 5582.0)	(37.0, 1858.0)
SRR19667538_1	(2.0, 9.0)	(3.0, 0.0)	(4.0, 0.0)	(5.0, 0.0)	(6.0, 0.0)	(7.0, 0.0)	(8.0, 0.0)	(9.0, 0.0)	(10.0, 0.0)	(11.0, 0.0)	(12.0, 0.0)	(13.0, 1.0)	(14.0, 27.0)	(15.0, 77.0)	(16.0, 120.0)	(17.0, 167.0)	(18.0, 202.0)	(19.0, 322.0)	(20.0, 814.0)	(21.0, 1836.0)	(22.0, 2905.0)	(23.0, 3385.0)	(24.0, 3266.0)	(25.0, 3200.0)	(26.0, 3429.0)	(27.0, 3823.0)	(28.0, 4338.0)	(29.0, 4960.0)	(30.0, 5791.0)	(31.0, 7043.0)	(32.0, 8688.0)	(33.0, 10955.0)	(34.0, 14131.0)	(35.0, 20892.0)	(36.0, 35595.0)	(37.0, 37403.0)
SRR19667538_2	(2.0, 9.0)	(3.0, 0.0)	(4.0, 0.0)	(5.0, 0.0)	(6.0, 0.0)	(7.0, 0.0)	(8.0, 0.0)	(9.0, 0.0)	(10.0, 0.0)	(11.0, 26.0)	(12.0, 164.0)	(13.0, 180.0)	(14.0, 129.0)	(15.0, 146.0)	(16.0, 239.0)	(17.0, 475.0)	(18.0, 645.0)	(19.0, 855.0)	(20.0, 1020.0)	(21.0, 1278.0)	(22.0, 1663.0)	(23.0, 2147.0)	(24.0, 2919.0)	(25.0, 3602.0)	(26.0, 4351.0)	(27.0, 5555.0)	(28.0, 7050.0)	(29.0, 9253.0)	(30.0, 12235.0)	(31.0, 16219.0)	(32.0, 21051.0)	(33.0, 26071.0)	(34.0, 28474.0)	(35.0, 20412.0)	(36.0, 4821.0)	(37.0, 2390.0)
SRR19667539_1	(14.0, 11.0)	(15.0, 43.0)	(16.0, 68.0)	(17.0, 90.0)	(18.0, 144.0)	(19.0, 266.0)	(20.0, 607.0)	(21.0, 1369.0)	(22.0, 2092.0)	(23.0, 2441.0)	(24.0, 2610.0)	(25.0, 2784.0)	(26.0, 2903.0)	(27.0, 3263.0)	(28.0, 3484.0)	(29.0, 4155.0)	(30.0, 4885.0)	(31.0, 5914.0)	(32.0, 7190.0)	(33.0, 9331.0)	(34.0, 11916.0)	(35.0, 17208.0)	(36.0, 29653.0)	(37.0, 36895.0)												
SRR19667539_2	(2.0, 1.0)	(3.0, 0.0)	(4.0, 0.0)	(5.0, 0.0)	(6.0, 0.0)	(7.0, 0.0)	(8.0, 0.0)	(9.0, 0.0)	(10.0, 1.0)	(11.0, 22.0)	(12.0, 126.0)	(13.0, 108.0)	(14.0, 90.0)	(15.0, 127.0)	(16.0, 248.0)	(17.0, 410.0)	(18.0, 575.0)	(19.0, 732.0)	(20.0, 942.0)	(21.0, 1200.0)	(22.0, 1502.0)	(23.0, 2056.0)	(24.0, 2852.0)	(25.0, 3571.0)	(26.0, 4459.0)	(27.0, 5501.0)	(28.0, 7068.0)	(29.0, 9087.0)	(30.0, 11772.0)	(31.0, 15082.0)	(32.0, 18905.0)	(33.0, 22140.0)	(34.0, 22111.0)	(35.0, 13439.0)	(36.0, 2695.0)	(37.0, 2500.0)
SRR19667540_1	(2.0, 14.0)	(3.0, 0.0)	(4.0, 0.0)	(5.0, 0.0)	(6.0, 0.0)	(7.0, 0.0)	(8.0, 0.0)	(9.0, 0.0)	(10.0, 0.0)	(11.0, 0.0)	(12.0, 0.0)	(13.0, 0.0)	(14.0, 25.0)	(15.0, 85.0)	(16.0, 130.0)	(17.0, 186.0)	(18.0, 296.0)	(19.0, 511.0)	(20.0, 1282.0)	(21.0, 2812.0)	(22.0, 4058.0)	(23.0, 4392.0)	(24.0, 4660.0)	(25.0, 5109.0)	(26.0, 5260.0)	(27.0, 5942.0)	(28.0, 6674.0)	(29.0, 7567.0)	(30.0, 9203.0)	(31.0, 11244.0)	(32.0, 13581.0)	(33.0, 17053.0)	(34.0, 22966.0)	(35.0, 32676.0)	(36.0, 54755.0)	(37.0, 54541.0)
SRR19667540_2	(2.0, 11.0)	(3.0, 0.0)	(4.0, 0.0)	(5.0, 0.0)	(6.0, 0.0)	(7.0, 0.0)	(8.0, 0.0)	(9.0, 0.0)	(10.0, 0.0)	(11.0, 19.0)	(12.0, 216.0)	(13.0, 270.0)	(14.0, 189.0)	(15.0, 210.0)	(16.0, 373.0)	(17.0, 646.0)	(18.0, 906.0)	(19.0, 1132.0)	(20.0, 1511.0)	(21.0, 1930.0)	(22.0, 2475.0)	(23.0, 3333.0)	(24.0, 4800.0)	(25.0, 6194.0)	(26.0, 7428.0)	(27.0, 9050.0)	(28.0, 11572.0)	(29.0, 15175.0)	(30.0, 19882.0)	(31.0, 26159.0)	(32.0, 33601.0)	(33.0, 41289.0)	(34.0, 42041.0)	(35.0, 26660.0)	(36.0, 5400.0)	(37.0, 2550.0)
SRR19667541_1	(2.0, 1.0)	(3.0, 0.0)	(4.0, 0.0)	(5.0, 0.0)	(6.0, 0.0)	(7.0, 0.0)	(8.0, 0.0)	(9.0, 0.0)	(10.0, 0.0)	(11.0, 0.0)	(12.0, 0.0)	(13.0, 1.0)	(14.0, 2.0)	(15.0, 10.0)	(16.0, 55.0)	(17.0, 106.0)	(18.0, 179.0)	(19.0, 344.0)	(20.0, 691.0)	(21.0, 1327.0)	(22.0, 2351.0)	(23.0, 2912.0)	(24.0, 3287.0)	(25.0, 3655.0)	(26.0, 4137.0)	(27.0, 4581.0)	(28.0, 5266.0)	(29.0, 6085.0)	(30.0, 7304.0)	(31.0, 8739.0)	(32.0, 10688.0)	(33.0, 13355.0)	(34.0, 17438.0)	(35.0, 24645.0)	(36.0, 41658.0)	(37.0, 49629.0)
SRR19667541_2	(10.0, 2.0)	(11.0, 37.0)	(12.0, 325.0)	(13.0, 312.0)	(14.0, 215.0)	(15.0, 218.0)	(16.0, 330.0)	(17.0, 502.0)	(18.0, 658.0)	(19.0, 917.0)	(20.0, 1152.0)	(21.0, 1658.0)	(22.0, 2137.0)	(23.0, 3220.0)	(24.0, 4514.0)	(25.0, 6215.0)	(26.0, 7876.0)	(27.0, 9290.0)	(28.0, 11644.0)	(29.0, 14702.0)	(30.0, 18784.0)	(31.0, 23137.0)	(32.0, 27705.0)	(33.0, 30515.0)	(34.0, 26898.0)	(35.0, 13321.0)	(36.0, 1867.0)	(37.0, 295.0)								
SRR19667542_1	(13.0, 2.0)	(14.0, 3.0)	(15.0, 4.0)	(16.0, 12.0)	(17.0, 35.0)	(18.0, 78.0)	(19.0, 134.0)	(20.0, 297.0)	(21.0, 636.0)	(22.0, 1046.0)	(23.0, 1408.0)	(24.0, 1558.0)	(25.0, 1829.0)	(26.0, 2054.0)	(27.0, 2287.0)	(28.0, 2584.0)	(29.0, 3024.0)	(30.0, 3669.0)	(31.0, 4297.0)	(32.0, 5314.0)	(33.0, 6719.0)	(34.0, 8844.0)	(35.0, 12650.0)	(36.0, 21402.0)	(37.0, 30663.0)											
SRR19667542_2	(11.0, 10.0)	(12.0, 119.0)	(13.0, 140.0)	(14.0, 100.0)	(15.0, 109.0)	(16.0, 167.0)	(17.0, 229.0)	(18.0, 383.0)	(19.0, 462.0)	(20.0, 575.0)	(21.0, 729.0)	(22.0, 955.0)	(23.0, 1419.0)	(24.0, 1822.0)	(25.0, 2488.0)	(26.0, 3100.0)	(27.0, 3956.0)	(28.0, 4962.0)	(29.0, 6576.0)	(30.0, 8589.0)	(31.0, 11105.0)	(32.0, 13944.0)	(33.0, 16613.0)	(34.0, 17226.0)	(35.0, 12195.0)	(36.0, 2473.0)	(37.0, 103.0)									
SRR19667543_1	(2.0, 20052.0)	(3.0, 0.0)	(4.0, 0.0)	(5.0, 0.0)	(6.0, 0.0)	(7.0, 0.0)	(8.0, 0.0)	(9.0, 0.0)	(10.0, 0.0)	(11.0, 0.0)	(12.0, 4.0)	(13.0, 3.0)	(14.0, 22.0)	(15.0, 51.0)	(16.0, 105.0)	(17.0, 173.0)	(18.0, 457.0)	(19.0, 1008.0)	(20.0, 907.0)	(21.0, 1251.0)	(22.0, 1694.0)	(23.0, 1875.0)	(24.0, 2101.0)	(25.0, 2215.0)	(26.0, 2439.0)	(27.0, 2674.0)	(28.0, 3126.0)	(29.0, 3557.0)	(30.0, 4331.0)	(31.0, 5222.0)	(32.0, 6495.0)	(33.0, 8126.0)	(34.0, 10429.0)	(35.0, 15222.0)	(36.0, 26443.0)	(37.0, 38803.0)
SRR19667543_2	(2.0, 17568.0)	(3.0, 0.0)	(4.0, 0.0)	(5.0, 0.0)	(6.0, 0.0)	(7.0, 0.0)	(8.0, 0.0)	(9.0, 0.0)	(10.0, 1.0)	(11.0, 51.0)	(12.0, 267.0)	(13.0, 273.0)	(14.0, 289.0)	(15.0, 332.0)	(16.0, 453.0)	(17.0, 653.0)	(18.0, 1133.0)	(19.0, 1937.0)	(20.0, 1444.0)	(21.0, 1247.0)	(22.0, 1491.0)	(23.0, 1725.0)	(24.0, 2250.0)	(25.0, 2873.0)	(26.0, 3579.0)	(27.0, 4448.0)	(28.0, 5643.0)	(29.0, 7406.0)	(30.0, 9992.0)	(31.0, 13284.0)	(32.0, 16858.0)	(33.0, 20927.0)	(34.0, 22433.0)	(35.0, 15366.0)	(36.0, 3352.0)	(37.0, 1510.0)
SRR19667544_1	(2.0, 1.0)	(3.0, 0.0)	(4.0, 0.0)	(5.0, 0.0)	(6.0, 0.0)	(7.0, 0.0)	(8.0, 0.0)	(9.0, 0.0)	(10.0, 0.0)	(11.0, 4.0)	(12.0, 57.0)	(13.0, 146.0)	(14.0, 168.0)	(15.0, 353.0)	(16.0, 971.0)	(17.0, 3296.0)	(18.0, 9101.0)	(19.0, 21580.0)	(20.0, 47458.0)	(21.0, 75833.0)	(22.0, 85587.0)	(23.0, 86330.0)	(24.0, 86872.0)	(25.0, 84630.0)	(26.0, 82080.0)	(27.0, 80347.0)	(28.0, 81683.0)	(29.0, 88067.0)	(30.0, 99328.0)	(31.0, 113350.0)	(32.0, 132536.0)	(33.0, 160242.0)	(34.0, 201861.0)	(35.0, 258238.0)	(36.0, 337132.0)	(37.0, 39179.0)
SRR19667544_2	(2.0, 2.0)	(3.0, 0.0)	(4.0, 0.0)	(5.0, 0.0)	(6.0, 0.0)	(7.0, 0.0)	(8.0, 0.0)	(9.0, 0.0)	(10.0, 106.0)	(11.0, 449.0)	(12.0, 2218.0)	(13.0, 16273.0)	(14.0, 56438.0)	(15.0, 62955.0)	(16.0, 34734.0)	(17.0, 16906.0)	(18.0, 11389.0)	(19.0, 11442.0)	(20.0, 15059.0)	(21.0, 26686.0)	(22.0, 52962.0)	(23.0, 89056.0)	(24.0, 128711.0)	(25.0, 171341.0)	(26.0, 209198.0)	(27.0, 244666.0)	(28.0, 272641.0)	(29.0, 281223.0)	(30.0, 249110.0)	(31.0, 158680.0)	(32.0, 51908.0)	(33.0, 6281.0)	(34.0, 846.0)	(35.0, 1249.0)	(36.0, 2114.0)	(37.0, 1787.0)
SRR19667545_1	(2.0, 2.0)	(3.0, 0.0)	(4.0, 0.0)	(5.0, 0.0)	(6.0, 0.0)	(7.0, 0.0)	(8.0, 0.0)	(9.0, 0.0)	(10.0, 0.0)	(11.0, 2.0)	(12.0, 22.0)	(13.0, 32.0)	(14.0, 27.0)	(15.0, 59.0)	(16.0, 204.0)	(17.0, 732.0)	(18.0, 1760.0)	(19.0, 3542.0)	(20.0, 6477.0)	(21.0, 10783.0)	(22.0, 13998.0)	(23.0, 14516.0)	(24.0, 15109.0)	(25.0, 15317.0)	(26.0, 15247.0)	(27.0, 15740.0)	(28.0, 17002.0)	(29.0, 18850.0)	(30.0, 21270.0)	(31.0, 24654.0)	(32.0, 28508.0)	(33.0, 33552.0)	(34.0, 39811.0)	(35.0, 46771.0)	(36.0, 45994.0)	(37.0, 2902.0)
SRR19667545_2	(10.0, 12.0)	(11.0, 84.0)	(12.0, 581.0)	(13.0, 4698.0)	(14.0, 11184.0)	(15.0, 8455.0)	(16.0, 4241.0)	(17.0, 2369.0)	(18.0, 2076.0)	(19.0, 2499.0)	(20.0, 3853.0)	(21.0, 7457.0)	(22.0, 14606.0)	(23.0, 23727.0)	(24.0, 33570.0)	(25.0, 42809.0)	(26.0, 49331.0)	(27.0, 52313.0)	(28.0, 49364.0)	(29.0, 39225.0)	(30.0, 23965.0)	(31.0, 9027.0)	(32.0, 2091.0)	(33.0, 1198.0)	(34.0, 1527.0)	(35.0, 1464.0)	(36.0, 1027.0)	(37.0, 130.0)								
SRR19667546_1	(2.0, 132.0)	(3.0, 0.0)	(4.0, 0.0)	(5.0, 0.0)	(6.0, 0.0)	(7.0, 0.0)	(8.0, 0.0)	(9.0, 0.0)	(10.0, 0.0)	(11.0, 1.0)	(12.0, 18.0)	(13.0, 29.0)	(14.0, 32.0)	(15.0, 67.0)	(16.0, 184.0)	(17.0, 563.0)	(18.0, 1500.0)	(19.0, 3059.0)	(20.0, 5862.0)	(21.0, 9473.0)	(22.0, 11548.0)	(23.0, 11987.0)	(24.0, 12215.0)	(25.0, 12036.0)	(26.0, 12180.0)	(27.0, 12439.0)	(28.0, 13430.0)	(29.0, 15120.0)	(30.0, 17131.0)	(31.0, 19721.0)	(32.0, 23032.0)	(33.0, 26962.0)	(34.0, 31554.0)	(35.0, 35414.0)	(36.0, 29456.0)	(37.0, 1266.0)
SRR19667546_2	(2.0, 129.0)	(3.0, 0.0)	(4.0, 0.0)	(5.0, 0.0)	(6.0, 0.0)	(7.0, 0.0)	(8.0, 0.0)	(9.0, 0.0)	(10.0, 12.0)	(11.0, 93.0)	(12.0, 663.0)	(13.0, 4485.0)	(14.0, 9173.0)	(15.0, 6625.0)	(16.0, 3303.0)	(17.0, 2226.0)	(18.0, 2364.0)	(19.0, 3310.0)	(20.0, 5956.0)	(21.0, 12180.0)	(22.0, 21054.0)	(23.0, 30283.0)	(24.0, 37487.0)	(25.0, 40439.0)	(26.0, 39635.0)	(27.0, 34232.0)	(28.0, 25805.0)	(29.0, 14356.0)	(30.0, 5325.0)	(31.0, 1174.0)	(32.0, 416.0)	(33.0, 420.0)	(34.0, 628.0)	(35.0, 1045.0)	(36.0, 1756.0)	(37.0, 1837.0)
SRR19667547_1	(2.0, 2.0)	(3.0, 0.0)	(4.0, 0.0)	(5.0, 0.0)	(6.0, 0.0)	(7.0, 0.0)	(8.0, 0.0)	(9.0, 0.0)	(10.0, 0.0)	(11.0, 1.0)	(12.0, 10.0)	(13.0, 22.0)	(14.0, 35.0)	(15.0, 51.0)	(16.0, 152.0)	(17.0, 535.0)	(18.0, 1499.0)	(19.0, 3509.0)	(20.0, 7535.0)	(21.0, 13143.0)	(22.0, 15819.0)	(23.0, 16068.0)	(24.0, 15718.0)	(25.0, 15654.0)	(26.0, 14664.0)	(27.0, 14326.0)	(28.0, 14848.0)	(29.0, 16058.0)	(30.0, 17814.0)	(31.0, 20687.0)	(32.0, 24405.0)	(33.0, 29185.0)	(34.0, 36077.0)	(35.0, 45191.0)	(36.0, 51790.0)	(37.0, 3762.0)
SRR19667547_2	(2.0, 1.0)	(3.0, 0.0)	(4.0, 0.0)	(5.0, 0.0)	(6.0, 0.0)	(7.0, 0.0)	(8.0, 0.0)	(9.0, 1.0)	(10.0, 30.0)	(11.0, 123.0)	(12.0, 474.0)	(13.0, 3204.0)	(14.0, 10405.0)	(15.0, 10292.0)	(16.0, 5500.0)	(17.0, 2777.0)	(18.0, 2046.0)	(19.0, 2095.0)	(20.0, 3060.0)	(21.0, 5250.0)	(22.0, 10219.0)	(23.0, 16661.0)	(24.0, 24397.0)	(25.0, 31884.0)	(26.0, 38865.0)	(27.0, 44431.0)	(28.0, 47976.0)	(29.0, 47223.0)	(30.0, 39639.0)	(31.0, 23125.0)	(32.0, 6875.0)	(33.0, 760.0)	(34.0, 188.0)	(35.0, 292.0)	(36.0, 433.0)	(37.0, 334.0)
SRR19667548_1	(11.0, 2.0)	(12.0, 9.0)	(13.0, 23.0)	(14.0, 22.0)	(15.0, 63.0)	(16.0, 174.0)	(17.0, 598.0)	(18.0, 1611.0)	(19.0, 3190.0)	(20.0, 5558.0)	(21.0, 8989.0)	(22.0, 11631.0)	(23.0, 13305.0)	(24.0, 14121.0)	(25.0, 14286.0)	(26.0, 14311.0)	(27.0, 14559.0)	(28.0, 15213.0)	(29.0, 16864.0)	(30.0, 19036.0)	(31.0, 21823.0)	(32.0, 25747.0)	(33.0, 30612.0)	(34.0, 37678.0)	(35.0, 47888.0)	(36.0, 61042.0)	(37.0, 6293.0)									
SRR19667548_2	(10.0, 19.0)	(11.0, 92.0)	(12.0, 540.0)	(13.0, 3932.0)	(14.0, 10951.0)	(15.0, 9816.0)	(16.0, 5040.0)	(17.0, 2660.0)	(18.0, 1933.0)	(19.0, 1996.0)	(20.0, 2725.0)	(21.0, 4745.0)	(22.0, 9181.0)	(23.0, 15852.0)	(24.0, 24258.0)	(25.0, 34028.0)	(26.0, 41911.0)	(27.0, 49232.0)	(28.0, 52112.0)	(29.0, 49480.0)	(30.0, 38384.0)	(31.0, 19775.0)	(32.0, 4846.0)	(33.0, 479.0)	(34.0, 105.0)	(35.0, 149.0)	(36.0, 218.0)	(37.0, 189.0)								
SRR19667549_1	(11.0, 4.0)	(12.0, 24.0)	(13.0, 46.0)	(14.0, 63.0)	(15.0, 118.0)	(16.0, 405.0)	(17.0, 1320.0)	(18.0, 3344.0)	(19.0, 6948.0)	(20.0, 11895.0)	(21.0, 19187.0)	(22.0, 24446.0)	(23.0, 26581.0)	(24.0, 27590.0)	(25.0, 27495.0)	(26.0, 27679.0)	(27.0, 27768.0)	(28.0, 29454.0)	(29.0, 32788.0)	(30.0, 37028.0)	(31.0, 42648.0)	(32.0, 49300.0)	(33.0, 59031.0)	(34.0, 72101.0)	(35.0, 88707.0)	(36.0, 99365.0)	(37.0, 7086.0)									
SRR19667549_2	(2.0, 1.0)	(3.0, 0.0)	(4.0, 0.0)	(5.0, 0.0)	(6.0, 0.0)	(7.0, 0.0)	(8.0, 0.0)	(9.0, 0.0)	(10.0, 41.0)	(11.0, 234.0)	(12.0, 1417.0)	(13.0, 8817.0)	(14.0, 21400.0)	(15.0, 18518.0)	(16.0, 9679.0)	(17.0, 5454.0)	(18.0, 4879.0)	(19.0, 5993.0)	(20.0, 10020.0)	(21.0, 19752.0)	(22.0, 35400.0)	(23.0, 53794.0)	(24.0, 71297.0)	(25.0, 85597.0)	(26.0, 92062.0)	(27.0, 91721.0)	(28.0, 81532.0)	(29.0, 60633.0)	(30.0, 31958.0)	(31.0, 9564.0)	(32.0, 1294.0)	(33.0, 207.0)	(34.0, 213.0)	(35.0, 313.0)	(36.0, 377.0)	(37.0, 254.0)
SRR19667550_1	(13.0, 1.0)	(14.0, 6.0)	(15.0, 21.0)	(16.0, 66.0)	(17.0, 214.0)	(18.0, 567.0)	(19.0, 1397.0)	(20.0, 2980.0)	(21.0, 5881.0)	(22.0, 7256.0)	(23.0, 7376.0)	(24.0, 7548.0)	(25.0, 7938.0)	(26.0, 8464.0)	(27.0, 8799.0)	(28.0, 9565.0)	(29.0, 10656.0)	(30.0, 12195.0)	(31.0, 13475.0)	(32.0, 15113.0)	(33.0, 16879.0)	(34.0, 19718.0)	(35.0, 22986.0)	(36.0, 21058.0)	(37.0, 3883.0)											
SRR19667550_2	(2.0, 1.0)	(3.0, 0.0)	(4.0, 0.0)	(5.0, 0.0)	(6.0, 0.0)	(7.0, 0.0)	(8.0, 0.0)	(9.0, 0.0)	(10.0, 1.0)	(11.0, 20.0)	(12.0, 116.0)	(13.0, 145.0)	(14.0, 568.0)	(15.0, 1832.0)	(16.0, 2945.0)	(17.0, 2864.0)	(18.0, 2737.0)	(19.0, 2609.0)	(20.0, 2472.0)	(21.0, 2304.0)	(22.0, 2900.0)	(23.0, 4136.0)	(24.0, 5990.0)	(25.0, 8350.0)	(26.0, 11457.0)	(27.0, 14471.0)	(28.0, 17577.0)	(29.0, 20362.0)	(30.0, 22248.0)	(31.0, 23339.0)	(32.0, 22405.0)	(33.0, 16968.0)	(34.0, 7741.0)	(35.0, 2188.0)	(36.0, 2349.0)	(37.0, 2947.0)
SRR19667551_1	(13.0, 1.0)	(14.0, 0.0)	(15.0, 5.0)	(16.0, 37.0)	(17.0, 132.0)	(18.0, 437.0)	(19.0, 960.0)	(20.0, 2112.0)	(21.0, 3998.0)	(22.0, 5389.0)	(23.0, 5997.0)	(24.0, 6308.0)	(25.0, 6689.0)	(26.0, 7101.0)	(27.0, 7815.0)	(28.0, 8105.0)	(29.0, 9132.0)	(30.0, 9989.0)	(31.0, 11336.0)	(32.0, 12444.0)	(33.0, 14305.0)	(34.0, 16705.0)	(35.0, 20026.0)	(36.0, 19642.0)	(37.0, 2172.0)											
SRR19667551_2	(11.0, 13.0)	(12.0, 62.0)	(13.0, 111.0)	(14.0, 473.0)	(15.0, 1646.0)	(16.0, 2473.0)	(17.0, 2447.0)	(18.0, 2205.0)	(19.0, 2141.0)	(20.0, 2004.0)	(21.0, 2127.0)	(22.0, 2888.0)	(23.0, 4396.0)	(24.0, 6429.0)	(25.0, 8552.0)	(26.0, 10337.0)	(27.0, 12459.0)	(28.0, 15042.0)	(29.0, 17344.0)	(30.0, 19066.0)	(31.0, 19568.0)	(32.0, 18061.0)	(33.0, 13261.0)	(34.0, 6081.0)	(35.0, 974.0)	(36.0, 321.0)	(37.0, 356.0)									
SRR19667552_1	(13.0, 1.0)	(14.0, 5.0)	(15.0, 23.0)	(16.0, 82.0)	(17.0, 304.0)	(18.0, 975.0)	(19.0, 2477.0)	(20.0, 5992.0)	(21.0, 10817.0)	(22.0, 13499.0)	(23.0, 14567.0)	(24.0, 15306.0)	(25.0, 16051.0)	(26.0, 17041.0)	(27.0, 18455.0)	(28.0, 20218.0)	(29.0, 22440.0)	(30.0, 25273.0)	(31.0, 27893.0)	(32.0, 31846.0)	(33.0, 35846.0)	(34.0, 41095.0)	(35.0, 47368.0)	(36.0, 43803.0)	(37.0, 4596.0)											
SRR19667552_2	(11.0, 39.0)	(12.0, 188.0)	(13.0, 335.0)	(14.0, 1140.0)	(15.0, 4066.0)	(16.0, 6169.0)	(17.0, 5906.0)	(18.0, 5576.0)	(19.0, 5330.0)	(20.0, 4862.0)	(21.0, 4870.0)	(22.0, 5966.0)	(23.0, 8504.0)	(24.0, 12683.0)	(25.0, 17469.0)	(26.0, 23173.0)	(27.0, 30587.0)	(28.0, 36632.0)	(29.0, 42664.0)	(30.0, 46916.0)	(31.0, 49868.0)	(32.0, 47703.0)	(33.0, 35672.0)	(34.0, 15540.0)	(35.0, 2330.0)	(36.0, 827.0)	(37.0, 958.0)									
SRR19667553_1	(2.0, 1.0)	(3.0, 0.0)	(4.0, 0.0)	(5.0, 0.0)	(6.0, 0.0)	(7.0, 0.0)	(8.0, 0.0)	(9.0, 0.0)	(10.0, 0.0)	(11.0, 0.0)	(12.0, 0.0)	(13.0, 5.0)	(14.0, 56.0)	(15.0, 111.0)	(16.0, 174.0)	(17.0, 264.0)	(18.0, 500.0)	(19.0, 993.0)	(20.0, 2297.0)	(21.0, 4672.0)	(22.0, 6376.0)	(23.0, 6886.0)	(24.0, 7018.0)	(25.0, 7364.0)	(26.0, 7786.0)	(27.0, 8037.0)	(28.0, 8775.0)	(29.0, 9682.0)	(30.0, 10713.0)	(31.0, 12022.0)	(32.0, 13654.0)	(33.0, 15825.0)	(34.0, 18215.0)	(35.0, 21254.0)	(36.0, 18668.0)	(37.0, 1661.0)
SRR19667553_2	(2.0, 1.0)	(3.0, 0.0)	(4.0, 0.0)	(5.0, 0.0)	(6.0, 0.0)	(7.0, 0.0)	(8.0, 0.0)	(9.0, 0.0)	(10.0, 1.0)	(11.0, 28.0)	(12.0, 83.0)	(13.0, 108.0)	(14.0, 346.0)	(15.0, 1556.0)	(16.0, 2821.0)	(17.0, 2940.0)	(18.0, 2672.0)	(19.0, 2563.0)	(20.0, 2305.0)	(21.0, 2192.0)	(22.0, 2653.0)	(23.0, 3893.0)	(24.0, 5663.0)	(25.0, 7592.0)	(26.0, 9698.0)	(27.0, 12017.0)	(28.0, 14748.0)	(29.0, 17523.0)	(30.0, 20038.0)	(31.0, 21884.0)	(32.0, 21663.0)	(33.0, 17652.0)	(34.0, 8300.0)	(35.0, 1474.0)	(36.0, 289.0)	(37.0, 306.0)
SRR19667554_1	(2.0, 231.0)	(3.0, 0.0)	(4.0, 0.0)	(5.0, 0.0)	(6.0, 0.0)	(7.0, 0.0)	(8.0, 0.0)	(9.0, 0.0)	(10.0, 0.0)	(11.0, 0.0)	(12.0, 0.0)	(13.0, 2.0)	(14.0, 31.0)	(15.0, 76.0)	(16.0, 166.0)	(17.0, 176.0)	(18.0, 207.0)	(19.0, 303.0)	(20.0, 564.0)	(21.0, 1317.0)	(22.0, 2086.0)	(23.0, 2616.0)	(24.0, 3051.0)	(25.0, 3513.0)	(26.0, 3933.0)	(27.0, 4170.0)	(28.0, 4865.0)	(29.0, 5614.0)	(30.0, 6773.0)	(31.0, 8300.0)	(32.0, 10397.0)	(33.0, 13313.0)	(34.0, 17941.0)	(35.0, 26281.0)	(36.0, 45666.0)	(37.0, 60653.0)
SRR19667554_2	(2.0, 164.0)	(3.0, 0.0)	(4.0, 0.0)	(5.0, 0.0)	(6.0, 0.0)	(7.0, 0.0)	(8.0, 0.0)	(9.0, 0.0)	(10.0, 0.0)	(11.0, 12.0)	(12.0, 68.0)	(13.0, 117.0)	(14.0, 83.0)	(15.0, 160.0)	(16.0, 273.0)	(17.0, 503.0)	(18.0, 722.0)	(19.0, 997.0)	(20.0, 1302.0)	(21.0, 1630.0)	(22.0, 2247.0)	(23.0, 3047.0)	(24.0, 4275.0)	(25.0, 5789.0)	(26.0, 7242.0)	(27.0, 8768.0)	(28.0, 11051.0)	(29.0, 14428.0)	(30.0, 18649.0)	(31.0, 24156.0)	(32.0, 30057.0)	(33.0, 34774.0)	(34.0, 32094.0)	(35.0, 16943.0)	(36.0, 2377.0)	(37.0, 317.0)
SRR19667555_1	(2.0, 419.0)	(3.0, 0.0)	(4.0, 0.0)	(5.0, 0.0)	(6.0, 0.0)	(7.0, 0.0)	(8.0, 0.0)	(9.0, 0.0)	(10.0, 0.0)	(11.0, 0.0)	(12.0, 0.0)	(13.0, 20.0)	(14.0, 141.0)	(15.0, 224.0)	(16.0, 307.0)	(17.0, 286.0)	(18.0, 270.0)	(19.0, 368.0)	(20.0, 832.0)	(21.0, 1740.0)	(22.0, 2794.0)	(23.0, 3243.0)	(24.0, 3555.0)	(25.0, 3846.0)	(26.0, 4216.0)	(27.0, 4616.0)	(28.0, 5299.0)	(29.0, 6049.0)	(30.0, 7199.0)	(31.0, 9033.0)	(32.0, 11109.0)	(33.0, 14315.0)	(34.0, 18995.0)	(35.0, 27712.0)	(36.0, 47744.0)	(37.0, 60472.0)
SRR19667555_2	(2.0, 300.0)	(3.0, 0.0)	(4.0, 0.0)	(5.0, 0.0)	(6.0, 0.0)	(7.0, 0.0)	(8.0, 0.0)	(9.0, 0.0)	(10.0, 0.0)	(11.0, 9.0)	(12.0, 104.0)	(13.0, 115.0)	(14.0, 106.0)	(15.0, 170.0)	(16.0, 353.0)	(17.0, 594.0)	(18.0, 750.0)	(19.0, 1041.0)	(20.0, 1202.0)	(21.0, 1571.0)	(22.0, 1994.0)	(23.0, 2860.0)	(24.0, 4033.0)	(25.0, 5238.0)	(26.0, 6459.0)	(27.0, 8004.0)	(28.0, 10055.0)	(29.0, 13105.0)	(30.0, 17207.0)	(31.0, 22781.0)	(32.0, 29613.0)	(33.0, 36775.0)	(34.0, 38529.0)	(35.0, 25748.0)	(36.0, 5306.0)	(37.0, 782.0)
