Sample	0	1	2	3	4	5	6	7	8	9	10	11	12	13	14	15
SRR19667519_1	(1.0, 6.302181524373822)	(2.0, 1.989336861564851)	(3.0, 1.2088202301543514)	(4.0, 0.8942602611135371)	(5.0, 0.8236607668150999)	(6.0, 0.6510842251966981)	(7.0, 0.5619196786938571)	(8.0, 0.4790306427953216)	(9.0, 0.43536354817369566)	('>10', 8.09305536307751)	('>50', 4.09058699557315)	('>100', 12.427341353784525)	('>500', 7.03563182625203)	('>1k', 20.86764163696694)	('>5k', 10.218361621068981)	('>10k+', 23.921723464395626)
SRR19667519_2	(1.0, 12.086371944283925)	(2.0, 1.888405732678937)	(3.0, 1.1295919087749942)	(4.0, 0.841964339410991)	(5.0, 0.6497768271541344)	(6.0, 0.6087245286176357)	(7.0, 0.39718752533083707)	(8.0, 0.4100000261479608)	(9.0, 0.33652425615588366)	('>10', 7.093418819733344)	('>50', 4.252704352851043)	('>100', 16.256187261236434)	('>500', 9.913476397543137)	('>1k', 23.51669155080941)	('>5k', 10.889056816904134)	('>10k+', 9.7299177123672)
SRR19667520_1	(1.0, 6.989737466315976)	(2.0, 2.252593871524696)	(3.0, 1.3590595904668161)	(4.0, 0.9923676439739886)	(5.0, 0.7886498959224177)	(6.0, 0.677714488567602)	(7.0, 0.6748906781985703)	(8.0, 0.4937634130992529)	(9.0, 0.5046552530940894)	('>10', 8.863537346909139)	('>50', 4.269601277975893)	('>100', 14.17431784809514)	('>500', 9.442821874041922)	('>1k', 18.76220289480903)	('>5k', 11.780130056637567)	('>10k+', 17.973956400367904)
SRR19667520_2	(1.0, 12.181111129040065)	(2.0, 2.0105529827505526)	(3.0, 1.2440901682990981)	(4.0, 0.8132573862811224)	(5.0, 0.6494763848772853)	(6.0, 0.5760573152824617)	(7.0, 0.451809659045068)	(8.0, 0.46471850644635565)	(9.0, 0.46834911977796784)	('>10', 8.139431687993158)	('>50', 5.723056815064624)	('>100', 18.130476175108516)	('>500', 8.863940748390428)	('>1k', 24.30614945218079)	('>5k', 6.662578864989592)	('>10k+', 9.314943604472916)
SRR19667521_1	(1.0, 5.052880121993212)	(2.0, 1.9656648138127797)	(3.0, 1.2174725761227803)	(4.0, 0.8736288061390133)	(5.0, 0.6935904373063112)	(6.0, 0.6316100152491515)	(7.0, 0.4958433764572777)	(8.0, 0.45255546263957896)	(9.0, 0.4117270893797039)	('>10', 7.603915588568055)	('>50', 3.5363274140390573)	('>100', 12.730090019184418)	('>500', 13.488120419105712)	('>1k', 34.99926213783265)	('>5k', 4.414875301293718)	('>10k+', 11.43243642087658)
SRR19667521_2	(1.0, 6.898027448472625)	(2.0, 1.9381179595651534)	(3.0, 1.1304048403758178)	(4.0, 0.8382114221063506)	(5.0, 0.5361798416055881)	(6.0, 0.40434846770623245)	(7.0, 0.3718825323429583)	(8.0, 0.3699148998966993)	(9.0, 0.2789118992572187)	('>10', 5.923065571351271)	('>50', 3.7857248266023906)	('>100', 17.576860642431992)	('>500', 14.195484283535837)	('>1k', 32.47921688228639)	('>5k', 7.059865217177432)	('>10k+', 6.213783265286044)
SRR19667522_1	(1.0, 3.7717147629778416)	(2.0, 1.6284432420771544)	(3.0, 0.9786401653514154)	(4.0, 0.7824456966944292)	(5.0, 0.6311456532576153)	(6.0, 0.48276083223769556)	(7.0, 0.4367003180507657)	(8.0, 0.4127954942322325)	(9.0, 0.3620706241782717)	('>10', 6.701804814198299)	('>50', 3.331224655785113)	('>100', 11.15422401152096)	('>500', 8.172826045763161)	('>1k', 27.882936328627196)	('>5k', 20.40247560687643)	('>10k+', 12.867791748171426)
SRR19667522_2	(1.0, 6.1624886670728545)	(2.0, 1.6960764021491022)	(3.0, 1.0468563699067421)	(4.0, 0.7731169849603675)	(5.0, 0.5728412049197293)	(6.0, 0.5002521667390614)	(7.0, 0.3652773688368554)	(8.0, 0.34516233416028475)	(9.0, 0.33583362242622306)	('>10', 4.596139662475548)	('>50', 2.9225104729365325)	('>100', 14.783967442796047)	('>500', 9.516160535468053)	('>1k', 34.887632751940814)	('>5k', 12.074268206292798)	('>10k+', 9.421415806918988)
SRR19667523_1	(1.0, 3.810862285030551)	(2.0, 1.6057660311099466)	(3.0, 0.9473169971892015)	(4.0, 0.7221699081711401)	(5.0, 0.5841080139619516)	(6.0, 0.4970228191530788)	(7.0, 0.451002187750016)	(8.0, 0.40214951749137995)	(9.0, 0.3727671143648091)	('>10', 6.6761775971566335)	('>50', 3.692624662810374)	('>100', 12.089265864727663)	('>500', 8.583555766385114)	('>1k', 30.533272916504416)	('>5k', 7.260993620832477)	('>10k+', 21.770944697361248)
SRR19667523_2	(1.0, 5.848160236758448)	(2.0, 1.6737349636437013)	(3.0, 0.9674952740351598)	(4.0, 0.6966815584709822)	(5.0, 0.49560679972529226)	(6.0, 0.46091432374452174)	(7.0, 0.36427099779808975)	(8.0, 0.3086922352574677)	(9.0, 0.32179041496449334)	('>10', 4.840662413888318)	('>50', 2.9230181038083844)	('>100', 14.74253226754271)	('>500', 9.871071431100034)	('>1k', 34.634419184231206)	('>5k', 9.808058566563533)	('>10k+', 12.042891228467655)
SRR19667524_1	(1.0, 4.932852484297441)	(2.0, 1.9855102729273426)	(3.0, 1.2674495188832309)	(4.0, 0.9590207386226728)	(5.0, 0.6987839552778269)	(6.0, 0.59276156206326)	(7.0, 0.46384797031372993)	(8.0, 0.43694077203579057)	(9.0, 0.43372797224140974)	('>10', 7.6765835086986565)	('>50', 3.9959197442611365)	('>100', 14.496554272220527)	('>500', 8.979373825320074)	('>1k', 25.867857544457117)	('>5k', 13.856002313215852)	('>10k+', 13.356813545163934)
SRR19667524_2	(1.0, 6.6585275738542355)	(2.0, 1.8666366805352523)	(3.0, 1.025284734381777)	(4.0, 0.7212735538384926)	(5.0, 0.5722799633740824)	(6.0, 0.4168607733209105)	(7.0, 0.35983357697065105)	(8.0, 0.3148543798493197)	(9.0, 0.27469438241955957)	('>10', 5.613162840757578)	('>50', 4.530850910025542)	('>100', 21.12536344797674)	('>500', 14.44233827569035)	('>1k', 32.2171531381022)	('>5k', 5.685852436105445)	('>10k+', 4.175033332797867)
SRR19667525_1	(1.0, 5.018482447208818)	(2.0, 1.9567045907300014)	(3.0, 1.1537695338439065)	(4.0, 0.9097348266855549)	(5.0, 0.6834078533799637)	(6.0, 0.5677542166541237)	(7.0, 0.5655407499225287)	(8.0, 0.5268050821196157)	(9.0, 0.39344371154101554)	('>10', 7.755434060826066)	('>50', 4.137522688033999)	('>100', 14.480499358094647)	('>500', 10.31143476913542)	('>1k', 24.305524812962062)	('>5k', 12.610673336579751)	('>10k+', 14.623267962282526)
SRR19667525_2	(1.0, 6.919850369648945)	(2.0, 1.8914073221479482)	(3.0, 1.1189074328212847)	(4.0, 0.7481517552791181)	(5.0, 0.6529726858205321)	(6.0, 0.4847492142193103)	(7.0, 0.42221877905175087)	(8.0, 0.35858161051839393)	(9.0, 0.27889680818097307)	('>10', 5.824737704192306)	('>50', 3.601863738988003)	('>100', 17.947894993138252)	('>500', 12.189561290893797)	('>1k', 34.971114259152685)	('>5k', 6.751626898047721)	('>10k+', 5.8374651378989775)
SRR19667526_1	(1.0, 5.5840157470379665)	(2.0, 2.355746785610639)	(3.0, 1.3892218591094343)	(4.0, 1.0649439137950614)	(5.0, 0.7886136802392338)	(6.0, 0.692718256722143)	(7.0, 0.4946185002460475)	(8.0, 0.4895713726925164)	(9.0, 0.3974612948405738)	('>10', 8.322713335772779)	('>50', 5.089397246791919)	('>100', 18.632102254804234)	('>500', 10.519475603447189)	('>1k', 38.09445699216433)	('>5k', 6.084943156725928)	('>10k+', 0.0)
SRR19667526_2	(1.0, 7.209821710219172)	(2.0, 2.152599901581013)	(3.0, 1.302158908811023)	(4.0, 0.7419277503690712)	(5.0, 0.5678018497722483)	(6.0, 0.4542414798177987)	(7.0, 0.34888269213783707)	(8.0, 0.37853456651483225)	(9.0, 0.3066129988770141)	('>10', 6.034471881190617)	('>50', 5.877380036086962)	('>100', 26.99393082911688)	('>500', 14.785560168069347)	('>1k', 28.16297174870352)	('>5k', 4.683103478732666)	('>10k+', 0.0)
SRR19667527_1	(1.0, 4.912340457740815)	(2.0, 1.8563197184297922)	(3.0, 1.1538134029689762)	(4.0, 0.8780146272695448)	(5.0, 0.6528341517413642)	(6.0, 0.5903891459226249)	(7.0, 0.5165905026822969)	(8.0, 0.4390073136347724)	(9.0, 0.42576140330958534)	('>10', 7.386960347421305)	('>50', 3.6038337449026896)	('>100', 13.77716594287228)	('>500', 9.796296821927658)	('>1k', 26.695239987511)	('>5k', 15.525626105796977)	('>10k+', 11.789806325868318)
SRR19667527_2	(1.0, 8.301874296311015)	(2.0, 1.8865960848873624)	(3.0, 1.1821974965229485)	(4.0, 0.8553073524263668)	(5.0, 0.5463938009139678)	(6.0, 0.5165905026822969)	(7.0, 0.4834757268693291)	(8.0, 0.386023672334024)	(9.0, 0.36189719281314753)	('>10', 6.1692827339558916)	('>50', 4.503136442337714)	('>100', 14.674576367403708)	('>500', 10.19462026813507)	('>1k', 30.67942058603692)	('>5k', 12.725535276697606)	('>10k+', 6.533072199672636)
SRR19667528_1	(1.0, 3.929703322613794)	(2.0, 1.4739089515359314)	(3.0, 0.9797237750958606)	(4.0, 0.6624608825495432)	(5.0, 0.5387483080975201)	(6.0, 0.4788873849755734)	(7.0, 0.4260102362178539)	(8.0, 0.3658167524118963)	(9.0, 0.3262420310146094)	('>10', 5.856559925772455)	('>50', 3.1626521049428495)	('>100', 10.554478428451231)	('>500', 7.988440190623784)	('>1k', 24.810190989600827)	('>5k', 12.386388956324804)	('>10k+', 26.059787759771464)
SRR19667528_2	(1.0, 6.109139765278669)	(2.0, 1.5164767190893158)	(3.0, 0.9009068929852975)	(4.0, 0.6105814158438561)	(5.0, 0.48553859865578974)	(6.0, 0.3940844105528156)	(7.0, 0.3503526806053935)	(8.0, 0.29930461560973337)	(9.0, 0.2678776309707114)	('>10', 4.300342204943847)	('>50', 2.3236014991835634)	('>100', 10.836656168834407)	('>500', 8.856922416918026)	('>1k', 28.56330458900488)	('>5k', 18.219170793190486)	('>10k+', 15.965739598333206)
SRR19667529_1	(1.0, 6.934573459174113)	(2.0, 2.6897323979067167)	(3.0, 1.5014054251696793)	(4.0, 1.1197696473868233)	(5.0, 0.8741058982152242)	(6.0, 0.8021207065974999)	(7.0, 0.55188646906922)	(8.0, 0.5210356726616239)	(9.0, 0.5861651317443268)	('>10', 9.674581229004318)	('>50', 6.272995269544551)	('>100', 22.67305011540483)	('>500', 15.290568797275988)	('>1k', 30.508009780845086)	('>5k', 0.0)	('>10k+', 0.0)
SRR19667529_2	(1.0, 9.328366735985739)	(2.0, 2.150414771818369)	(3.0, 1.3025891816540596)	(4.0, 0.818117415845883)	(5.0, 0.6398683699353276)	(6.0, 0.4730455449164743)	(7.0, 0.4399095043305377)	(8.0, 0.2650883246874929)	(9.0, 0.38049315569368586)	('>10', 8.237162640828172)	('>50', 7.908087479147147)	('>100', 30.846225919239473)	('>500', 9.554605909641445)	('>1k', 27.656025046276195)	('>5k', 0.0)	('>10k+', 0.0)
SRR19667530_1	(1.0, 7.328829022679348)	(2.0, 2.676765503292163)	(3.0, 1.6095020871885353)	(4.0, 1.0500494900374402)	(5.0, 0.8678687725036222)	(6.0, 0.8176614881439084)	(7.0, 0.6526946966762778)	(8.0, 0.47051397914245957)	(9.0, 0.4518655592374231)	('>10', 10.021373958198849)	('>50', 6.113812741174277)	('>100', 26.76908952676048)	('>500', 16.922723816901204)	('>1k', 24.247249358064007)	('>5k', 0.0)	('>10k+', 0.0)
SRR19667530_2	(1.0, 9.024400740198821)	(2.0, 2.4472464890763295)	(3.0, 1.2437061582820501)	(4.0, 0.8721722540201691)	(5.0, 0.7531092653957051)	(6.0, 0.5852734862503766)	(7.0, 0.5121143004690795)	(8.0, 0.493465880564043)	(9.0, 0.23238800189353184)	('>10', 9.490611237824734)	('>50', 7.443588529787265)	('>100', 29.60938732768143)	('>500', 14.884308071896832)	('>1k', 22.408228256659637)	('>5k', 0.0)	('>10k+', 0.0)
SRR19667531_1	(1.0, 3.35125095597072)	(2.0, 1.286354200808478)	(3.0, 0.8148148148148148)	(4.0, 0.614006336720201)	(5.0, 0.5364361411559051)	(6.0, 0.421501147164864)	(7.0, 0.3693870862012455)	(8.0, 0.3225172074729597)	(9.0, 0.29891838741396265)	('>10', 5.407844422593685)	('>50', 2.87719873265596)	('>100', 9.104337375723807)	('>500', 6.618048727193269)	('>1k', 22.741614771113298)	('>5k', 8.13427291598383)	('>10k+', 37.101496777013)
SRR19667531_2	(1.0, 5.1705451764448815)	(2.0, 1.3505954331913035)	(3.0, 0.8400524418223534)	(4.0, 0.5742379547689282)	(5.0, 0.45558833169452634)	(6.0, 0.35922648312028843)	(7.0, 0.32350049164208455)	(8.0, 0.2866819621981864)	(9.0, 0.25467059980334317)	('>10', 4.090899158745766)	('>50', 2.096143340981099)	('>100', 8.580465421173386)	('>500', 7.950617283950617)	('>1k', 28.90833606467825)	('>5k', 10.191084890199935)	('>10k+', 28.567354965585057)
SRR19667532_1	(1.0, 4.038588902217056)	(2.0, 1.7766086042321816)	(3.0, 1.0684661235567372)	(4.0, 0.7688139423945312)	(5.0, 0.6483973008146648)	(6.0, 0.5335383503846386)	(7.0, 0.45063612406619213)	(8.0, 0.4705511840197854)	(9.0, 0.45434125149941873)	('>10', 5.983317663731897)	('>50', 3.721337365747023)	('>100', 12.512678482935572)	('>500', 10.018664579444879)	('>1k', 38.043322202513004)	('>5k', 9.322563762927421)	('>10k+', 10.188174159514999)
SRR19667532_2	(1.0, 4.583705775830527)	(2.0, 1.4209163706424228)	(3.0, 0.8711680877374176)	(4.0, 0.637281918514985)	(5.0, 0.47471945238216534)	(6.0, 0.366807615889439)	(7.0, 0.3241986504073324)	(8.0, 0.248243538026186)	(9.0, 0.2584326384675593)	('>10', 4.991732934414613)	('>50', 3.1257381308558383)	('>100', 13.545482754947502)	('>500', 7.112918389936874)	('>1k', 29.929093123746625)	('>5k', 12.74841721587462)	('>10k+', 19.361143402325894)
SRR19667533_1	(1.0, 4.116720038050399)	(2.0, 1.5952235351363437)	(3.0, 0.9929050033206426)	(4.0, 0.763638196814375)	(5.0, 0.6378263928616048)	(6.0, 0.5549747170878293)	(7.0, 0.4203955400373052)	(8.0, 0.3857644163011768)	(9.0, 0.3846684946639575)	('>10', 6.329824192250958)	('>50', 3.724818460580795)	('>100', 12.18467594693109)	('>500', 6.508459419117695)	('>1k', 24.745691384083273)	('>5k', 9.687508904363302)	('>10k+', 26.966905358399252)
SRR19667533_2	(1.0, 6.108228837205224)	(2.0, 1.5803190008701617)	(3.0, 0.9620000131510595)	(4.0, 0.6479088719240219)	(5.0, 0.5150831694930486)	(6.0, 0.42346412062151906)	(7.0, 0.35902392835302704)	(8.0, 0.3314067030951019)	(9.0, 0.28998086520821414)	('>10', 4.5811716279039185)	('>50', 2.913617264711104)	('>100', 12.61778417796014)	('>500', 10.070204740080266)	('>1k', 30.366015908398484)	('>5k', 18.791549129071075)	('>10k+', 9.442241641953633)
SRR19667534_1	(1.0, 6.2525211778943115)	(2.0, 2.426176988149733)	(3.0, 1.5065682164968344)	(4.0, 1.09207195514788)	(5.0, 0.7863151925449134)	(6.0, 0.736622410859919)	(7.0, 0.5688361950529375)	(8.0, 0.6033288317519336)	(9.0, 0.6156058719329323)	('>10', 8.689221343342044)	('>50', 5.224172907495425)	('>100', 16.857545410433143)	('>500', 10.08529619820989)	('>1k', 25.028792582329245)	('>5k', 12.435472461429633)	('>10k+', 7.09145225692922)
SRR19667534_2	(1.0, 7.940906513262126)	(2.0, 2.09060455653577)	(3.0, 1.3276742024308539)	(4.0, 0.809115410023911)	(5.0, 0.6840065243699247)	(6.0, 0.5752670256239367)	(7.0, 0.4460657932429509)	(8.0, 0.3554495442879609)	(9.0, 0.30517214164196643)	('>10', 7.4112399225961845)	('>50', 5.259834786116421)	('>100', 20.632442955609733)	('>500', 11.978298869927682)	('>1k', 26.657546579675067)	('>5k', 6.386399377963298)	('>10k+', 7.139975796692215)
SRR19667535_1	(1.0, 6.594658212950131)	(2.0, 2.1479147288293245)	(3.0, 1.2784980732360145)	(4.0, 0.9890089029784164)	(5.0, 0.8162645456443743)	(6.0, 0.5524022855407278)	(7.0, 0.6178932781563811)	(8.0, 0.508741623796959)	(9.0, 0.4313863209248467)	('>10', 8.604946942804533)	('>50', 4.542132538582737)	('>100', 17.89375272879136)	('>500', 10.65699804476167)	('>1k', 31.312762201256668)	('>5k', 6.604624233565557)	('>10k+', 6.448015338180299)
SRR19667535_2	(1.0, 8.866436340856888)	(2.0, 2.007441295392851)	(3.0, 1.09483855046603)	(4.0, 0.7669090149775053)	(5.0, 0.5742326164126123)	(6.0, 0.4441997760018223)	(7.0, 0.39531881774521155)	(8.0, 0.3151160804115492)	(9.0, 0.3758613489246189)	('>10', 6.279067560128325)	('>50', 4.694944854685928)	('>100', 21.962262001936256)	('>500', 13.960971164980352)	('>1k', 32.01085821674671)	('>5k', 0.0)	('>10k+', 6.25154236033334)
SRR19667536_1	(1.0, 9.196305615838844)	(2.0, 2.8984044355681813)	(3.0, 1.6698270330288325)	(4.0, 1.1795496658182945)	(5.0, 0.9084551215959971)	(6.0, 0.8262615629754068)	(7.0, 0.7318110701745532)	(8.0, 0.594100809678652)	(9.0, 0.6748523760427406)	('>10', 10.446512902225715)	('>50', 5.2070340382272144)	('>100', 17.819419309718306)	('>500', 10.967793102951036)	('>1k', 23.13316077492664)	('>5k', 13.746512181229587)	('>10k+', 0.0)
SRR19667536_2	(1.0, 10.894972493997706)	(2.0, 2.385055192253618)	(3.0, 1.3107709611599385)	(4.0, 0.9084551215959971)	(5.0, 0.5948218058069028)	(6.0, 0.48450939818453176)	(7.0, 0.514791235571065)	(8.0, 0.46720549110651277)	(9.0, 0.4477385956437414)	('>10', 8.025407903559557)	('>50', 5.48533854373202)	('>100', 22.31555116549024)	('>500', 15.732135518432266)	('>1k', 25.068314383151762)	('>5k', 5.364932190314138)	('>10k+', 0.0)
SRR19667537_1	(1.0, 5.1483213926224165)	(2.0, 2.0122987912673507)	(3.0, 1.314465036414234)	(4.0, 0.9828882704719047)	(5.0, 0.7422413574346786)	(6.0, 0.6115561269803677)	(7.0, 0.5328912309787436)	(8.0, 0.41277923923432835)	(9.0, 0.4225066188474324)	('>10', 7.8698730365495715)	('>50', 4.103685408084721)	('>100', 15.503751385094272)	('>500', 10.959796317129493)	('>1k', 28.25930656471245)	('>5k', 15.223349094507837)	('>10k+', 5.900290129670199)
SRR19667537_2	(1.0, 6.438256515229693)	(2.0, 1.954780372685518)	(3.0, 1.157135244410986)	(4.0, 0.6834541502076584)	(5.0, 0.6174771406579093)	(6.0, 0.41870025291186996)	(7.0, 0.36710284800757886)	(8.0, 0.31804302039366283)	(9.0, 0.30070290890943385)	('>10', 5.397003967079164)	('>50', 4.084230648858513)	('>100', 17.99988157972645)	('>500', 15.007655024825963)	('>1k', 34.421390084839665)	('>5k', 5.442680358305913)	('>10k+', 5.3915058829500175)
SRR19667538_1	(1.0, 5.486823663765509)	(2.0, 1.958714723236378)	(3.0, 1.2233315453428615)	(4.0, 0.8605425109153934)	(5.0, 0.6517513655056264)	(6.0, 0.6021490491928089)	(7.0, 0.5733104931969846)	(8.0, 0.5167869234451693)	(9.0, 0.46199366705310335)	('>10', 8.449120135656567)	('>50', 4.662040962284936)	('>100', 14.20414237018324)	('>500', 7.9819355285242155)	('>1k', 21.964021017539608)	('>5k', 11.670963611510045)	('>10k+', 18.732372432647555)
SRR19667538_2	(1.0, 6.635174963519226)	(2.0, 1.6414906072823123)	(3.0, 0.9897392417766857)	(4.0, 0.6736686680624527)	(5.0, 0.5767711199164836)	(6.0, 0.46372398041285273)	(7.0, 0.3916275904232923)	(8.0, 0.32299182715323077)	(9.0, 0.3581748654681363)	('>10', 6.116657726714307)	('>50', 4.728369641075332)	('>100', 18.687961056413982)	('>500', 9.249678450100648)	('>1k', 25.2666124501814)	('>5k', 12.761637799272116)	('>10k+', 11.135720012227548)
SRR19667539_1	(1.0, 5.98103427492265)	(2.0, 2.2649040328953536)	(3.0, 1.3420661389480453)	(4.0, 1.0072192978931436)	(5.0, 0.7801931396579205)	(6.0, 0.6790693936593403)	(7.0, 0.6000455391703834)	(8.0, 0.519682297317207)	(9.0, 0.554506368786917)	('>10', 9.082385716773148)	('>50', 4.96376957179786)	('>100', 14.841081689235343)	('>500', 11.651330681346352)	('>1k', 26.50580624422389)	('>5k', 8.558685257363283)	('>10k+', 10.668220356009162)
SRR19667539_2	(1.0, 7.1764374974886485)	(2.0, 1.9889902358661147)	(3.0, 1.094949170249528)	(4.0, 0.8572079131005479)	(5.0, 0.5324064772772934)	(6.0, 0.4942339373970346)	(7.0, 0.482849144801168)	(8.0, 0.2625199233870428)	(9.0, 0.40985253345119943)	('>10', 6.56165869731185)	('>50', 4.5900804971805895)	('>100', 19.71645169499471)	('>500', 14.674997656072112)	('>1k', 31.495693869624038)	('>5k', 0.0)	('>10k+', 9.661670751798129)
SRR19667540_1	(1.0, 5.419172747922814)	(2.0, 2.0103991366754457)	(3.0, 1.2429156824716439)	(4.0, 0.8723804061549607)	(5.0, 0.6659824467402706)	(6.0, 0.6588132305997239)	(7.0, 0.5625948034502796)	(8.0, 0.5131649447970357)	(9.0, 0.41770117197817536)	('>10', 8.243843907298261)	('>50', 4.160409324508909)	('>100', 14.255042977564129)	('>500', 7.5774841333927)	('>1k', 24.103659318849)	('>5k', 18.87616877089449)	('>10k+', 10.42026699670216)
SRR19667540_2	(1.0, 6.646618016617488)	(2.0, 1.8345646776494025)	(3.0, 1.0742504395861476)	(4.0, 0.7305053920051919)	(5.0, 0.5641041121114474)	(6.0, 0.5161835621193712)	(7.0, 0.4331715857551448)	(8.0, 0.3682713133249315)	(9.0, 0.353178226713254)	('>10', 6.07270339820845)	('>50', 3.909864086755062)	('>100', 17.949830580102784)	('>500', 11.476028405189004)	('>1k', 36.23359570148894)	('>5k', 6.559078114269759)	('>10k+', 5.278052388103629)
SRR19667541_1	(1.0, 4.614624411118466)	(2.0, 1.8834614240618675)	(3.0, 1.3140093837252813)	(4.0, 0.8884795102808402)	(5.0, 0.7148134288976521)	(6.0, 0.5929593275956363)	(7.0, 0.5574585264289073)	(8.0, 0.4720647074062347)	(9.0, 0.41881350565614117)	('>10', 6.930332076413076)	('>50', 3.9813668767930306)	('>100', 15.155004173742839)	('>500', 11.92922867313357)	('>1k', 31.73531754027422)	('>5k', 8.796522840447887)	('>10k+', 10.015543594024352)
SRR19667541_2	(1.0, 6.888114907458047)	(2.0, 1.9957207142377402)	(3.0, 1.1283497884344147)	(4.0, 0.7810176256680388)	(5.0, 0.6140679120731508)	(6.0, 0.4720647074062347)	(7.0, 0.4063402511921553)	(8.0, 0.35308904944206176)	(9.0, 0.3583661955614404)	('>10', 5.460886752444278)	('>50', 2.7719409343427075)	('>100', 17.60312023257822)	('>500', 12.917973959682605)	('>1k', 33.24266236819128)	('>5k', 15.006284601287623)	('>10k+', 0.0)
SRR19667542_1	(1.0, 5.162416665912853)	(2.0, 2.3591348632732996)	(3.0, 1.4029977656966595)	(4.0, 1.034835231435834)	(5.0, 0.8864847262299975)	(6.0, 0.6512949009036716)	(7.0, 0.6142072746022126)	(8.0, 0.5210359207229374)	(9.0, 0.5128947344616415)	('>10', 8.117667278763264)	('>50', 4.7417887090792314)	('>100', 17.542447240590146)	('>500', 13.075649711892465)	('>1k', 29.751512903780224)	('>5k', 13.625632072655563)	('>10k+', 0.0)
SRR19667542_2	(1.0, 7.661760848130693)	(2.0, 2.214402663072484)	(3.0, 1.2238916679481495)	(4.0, 1.009507096400691)	(5.0, 0.5834516820595392)	(6.0, 0.6241576133660187)	(7.0, 0.4749025319089273)	(8.0, 0.3980135505522438)	(9.0, 0.3826357542809071)	('>10', 7.95393897728609)	('>50', 5.260110901048404)	('>100', 19.576839229662866)	('>500', 14.210892907217614)	('>1k', 24.51039810400818)	('>5k', 13.915096473057195)	('>10k+', 0.0)
SRR19667543_1	(1.0, 5.996158327297919)	(2.0, 2.1891236577762383)	(3.0, 1.318764366911232)	(4.0, 0.8766571149667789)	(5.0, 0.7022073873476714)	(6.0, 0.6574928362250843)	(7.0, 0.5907359007462922)	(8.0, 0.40809900179487985)	(9.0, 0.4591113770192399)	('>10', 7.050414081934692)	('>50', 5.0546336240828795)	('>100', 16.330887678307146)	('>500', 8.293604559624649)	('>1k', 33.90685518153478)	('>5k', 3.5368580155556253)	('>10k+', 12.628396888874892)
SRR19667543_2	(1.0, 7.656894542935416)	(2.0, 1.7999181282866772)	(3.0, 1.0712598797115596)	(4.0, 0.7053562993985578)	(5.0, 0.5353150486506912)	(6.0, 0.43832855748338945)	(7.0, 0.3482696728280379)	(8.0, 0.29221903832225965)	(9.0, 0.3457505431873288)	('>10', 6.081808735082029)	('>50', 4.574739427527789)	('>100', 16.91910444941273)	('>500', 9.992127719872784)	('>1k', 22.888811915483203)	('>5k', 6.648612904241584)	('>10k+', 19.701483137575966)
SRR19667544_1	(1.0, 3.994584060956589)	(2.0, 1.2887886727831548)	(3.0, 0.8332441500742582)	(4.0, 0.6337029379706426)	(5.0, 0.5256285034254542)	(6.0, 0.43429332459100295)	(7.0, 0.4028789813715712)	(8.0, 0.37332882637538856)	(9.0, 0.30460972627354155)	('>10', 5.927116896034064)	('>50', 3.0842772284263766)	('>100', 9.498834241995652)	('>500', 4.82501621973011)	('>1k', 14.42451092682645)	('>5k', 5.583128316258009)	('>10k+', 47.866056986907736)
SRR19667544_2	(1.0, 10.873960690974796)	(2.0, 0.9789577669873807)	(3.0, 0.5537759946974413)	(4.0, 0.3769445836961785)	(5.0, 0.3197838974682145)	(6.0, 0.25400093498099446)	(7.0, 0.21924151747916432)	(8.0, 0.21833094741014564)	(9.0, 0.1934558293269598)	('>10', 3.339598794124834)	('>50', 1.6748657624967405)	('>100', 5.9992600387161135)	('>500', 4.665631871243799)	('>1k', 18.751855496054944)	('>5k', 12.514969169767312)	('>10k+', 39.06536670457497)
SRR19667545_1	(1.0, 7.489507054262974)	(2.0, 2.3055209820735434)	(3.0, 1.4622673925825245)	(4.0, 1.0242234965625898)	(5.0, 0.8577617255009761)	(6.0, 0.7513687280946235)	(7.0, 0.6538842352557886)	(8.0, 0.5579269146285282)	(9.0, 0.5062575881369263)	('>10', 8.977227317038405)	('>50', 4.318079428226724)	('>100', 13.203421883868735)	('>500', 7.407548812241813)	('>1k', 16.218568886920533)	('>5k', 12.566082014238336)	('>10k+', 21.70035354036698)
SRR19667545_2	(1.0, 12.221450151826371)	(2.0, 1.5673877464792318)	(3.0, 0.9437924267530028)	(4.0, 0.6892637248239298)	(5.0, 0.5026941863099192)	(6.0, 0.456624491260757)	(7.0, 0.40979121010580755)	(8.0, 0.31357936077661797)	(9.0, 0.33674147265216364)	('>10', 5.9511355798036565)	('>50', 3.2989465057027156)	('>100', 15.520905714932946)	('>500', 11.67777684450587)	('>1k', 33.24399375895623)	('>5k', 9.75888496066259)	('>10k+', 3.1070318644481945)
SRR19667546_1	(1.0, 10.345255229087728)	(2.0, 2.8491144247432367)	(3.0, 1.59295847733926)	(4.0, 1.172281673960791)	(5.0, 0.9823407123112421)	(6.0, 0.7793453890362944)	(7.0, 0.7767345167112147)	(8.0, 0.5978897624432543)	(9.0, 0.4905176380743511)	('>10', 10.039130448972132)	('>50', 4.694022081452689)	('>100', 15.177653543769642)	('>500', 6.534034352552617)	('>1k', 20.061942945912516)	('>5k', 12.548178753373737)	('>10k+', 11.358600050259291)
SRR19667546_2	(1.0, 17.121121630750853)	(2.0, 2.387642741285398)	(3.0, 1.3628753536916103)	(4.0, 0.9503575263290156)	(5.0, 0.7522575886635924)	(6.0, 0.6716469056267562)	(7.0, 0.600826993808969)	(8.0, 0.4673461461892687)	(9.0, 0.4523336303200603)	('>10', 8.436054841373188)	('>50', 4.990682449389872)	('>100', 18.314290283312285)	('>500', 10.414443345702342)	('>1k', 22.483200668383315)	('>5k', 6.46321444073483)	('>10k+', 4.131705454438646)
SRR19667547_1	(1.0, 7.210745984784446)	(2.0, 2.3732037193575657)	(3.0, 1.4969885883347422)	(4.0, 1.1126373626373627)	(5.0, 0.8321005917159764)	(6.0, 0.7560228233305156)	(7.0, 0.6656804733727811)	(8.0, 0.5431107354184278)	(9.0, 0.5349218089602705)	('>10', 9.385302197802197)	('>50', 4.997094251901944)	('>100', 12.335428994082841)	('>500', 8.613165680473372)	('>1k', 20.02192519019442)	('>5k', 8.869135672020287)	('>10k+', 20.25253592561285)
SRR19667547_2	(1.0, 12.259879543533389)	(2.0, 1.577028740490279)	(3.0, 0.9533495350803043)	(4.0, 0.6265849535080305)	(5.0, 0.4807692307692308)	(6.0, 0.40257819103972947)	(7.0, 0.3624260355029586)	(8.0, 0.26204564666103125)	(9.0, 0.29242392223161456)	('>10', 5.601489856297548)	('>50', 3.0679416737109046)	('>100', 14.675612848689774)	('>500', 11.28909551986475)	('>1k', 28.536559594251905)	('>5k', 11.174186390532546)	('>10k+', 8.438028317836011)
SRR19667548_1	(1.0, 6.616698903932947)	(2.0, 2.2696075372808386)	(3.0, 1.4101204217882324)	(4.0, 1.009754372829184)	(5.0, 0.8306295626130904)	(6.0, 0.6676233855369065)	(7.0, 0.6715230548449491)	(8.0, 0.5469936149414529)	(9.0, 0.5241155550009359)	('>10', 8.690283063996173)	('>50', 4.3658097793307125)	('>100', 13.089110043468313)	('>500', 8.387408747738192)	('>1k', 18.79510617499636)	('>5k', 6.472931095443106)	('>10k+', 25.652284686258604)
SRR19667548_2	(1.0, 12.119652253488903)	(2.0, 1.5473887814313347)	(3.0, 0.9179821551132463)	(4.0, 0.6239470892868285)	(5.0, 0.47056009650381647)	(6.0, 0.4274037561614775)	(7.0, 0.35850959838605684)	(8.0, 0.2786963665481167)	(9.0, 0.3345916266300618)	('>10', 5.251814646118009)	('>50', 3.4829246479898504)	('>100', 14.212734760092344)	('>500', 10.397818265011127)	('>1k', 28.74056280027454)	('>5k', 9.564328944905471)	('>10k+', 11.271084212058817)
SRR19667549_1	(1.0, 5.87552133728117)	(2.0, 1.9498325768492333)	(3.0, 1.223386363353225)	(4.0, 0.8903395665408398)	(5.0, 0.6921172003582399)	(6.0, 0.5905143953456503)	(7.0, 0.5513405618053739)	(8.0, 0.5038613218607986)	(9.0, 0.40115112932763586)	('>10', 7.539647933822521)	('>50', 4.252644925881169)	('>100', 11.719066859905789)	('>500', 6.8604041133909455)	('>1k', 18.24988476248614)	('>5k', 10.837724816969606)	('>10k+', 27.862562134821662)
SRR19667549_2	(1.0, 12.07171828777505)	(2.0, 1.5029548822729426)	(3.0, 0.9407418803491515)	(4.0, 0.6601092402362969)	(5.0, 0.553763064703125)	(6.0, 0.46263073952383216)	(7.0, 0.4308073522899201)	(8.0, 0.35216012657086865)	(9.0, 0.31543004967534016)	('>10', 5.570214295000129)	('>50', 3.2424807195293073)	('>100', 11.862833499323381)	('>500', 6.790157536011156)	('>1k', 24.436436043915197)	('>5k', 15.923189289877548)	('>10k+', 14.884372992946762)
SRR19667550_1	(1.0, 8.808480606933866)	(2.0, 2.63083090736221)	(3.0, 1.5246860940394624)	(4.0, 1.1213377637937287)	(5.0, 0.9336313112006351)	(6.0, 0.8674684623753932)	(7.0, 0.696425245782731)	(8.0, 0.5645896433087305)	(9.0, 0.5337136471902844)	('>10', 9.977847698022956)	('>50', 4.594642279530685)	('>100', 17.951206124229323)	('>500', 7.460718871604866)	('>1k', 21.082424206780956)	('>5k', 10.508130678977858)	('>10k+', 10.743866458866313)
SRR19667550_2	(1.0, 12.812558198802208)	(2.0, 2.130933827349271)	(3.0, 1.1982827065016026)	(4.0, 0.8253202771978317)	(5.0, 0.6738808676645005)	(6.0, 0.6792719146058165)	(7.0, 0.5763519275443292)	(8.0, 0.44696680095274505)	(9.0, 0.4675507983650425)	('>10', 8.455121984689425)	('>50', 5.385655894374688)	('>100', 17.950716029052842)	('>500', 12.23473598572843)	('>1k', 25.90349045784691)	('>5k', 2.8994030640750434)	('>10k+', 7.359759265249312)
SRR19667551_1	(1.0, 7.303452999057582)	(2.0, 2.3484373993924033)	(3.0, 1.3925554768580577)	(4.0, 1.0161733114020968)	(5.0, 0.8721764020674679)	(6.0, 0.7480815045920965)	(7.0, 0.671985576894935)	(8.0, 0.5432078530997383)	(9.0, 0.4425270872234937)	('>10', 9.026147731463324)	('>50', 4.534146584170876)	('>100', 17.027927205464856)	('>500', 8.377576286167516)	('>1k', 32.60534895836382)	('>5k', 3.22412592119974)	('>10k+', 9.866129702581993)
SRR19667551_2	(1.0, 13.343128245052302)	(2.0, 2.2828778309148485)	(3.0, 1.4188963749070753)	(4.0, 0.9412480902848914)	(5.0, 0.8312016717689962)	(6.0, 0.7726663427711795)	(7.0, 0.6760830499247821)	(8.0, 0.5338422004600877)	(9.0, 0.4794043444921182)	('>10', 8.722349373964656)	('>50', 6.398496812751336)	('>100', 19.470021131253766)	('>500', 8.04451026416994)	('>1k', 26.644696406516154)	('>5k', 3.3523182917049588)	('>10k+', 6.088259569062908)
SRR19667552_1	(1.0, 6.440081447593954)	(2.0, 1.9818593995283347)	(3.0, 1.2801311623590954)	(4.0, 0.9712168818649287)	(5.0, 0.8341887574433918)	(6.0, 0.6461957867457744)	(7.0, 0.6125397561860986)	(8.0, 0.5173412697458729)	(9.0, 0.44137480076831914)	('>10', 8.422181247340573)	('>50', 3.565375637361079)	('>100', 14.080240784858633)	('>500', 5.935240989198818)	('>1k', 23.526286561868197)	('>5k', 2.9646154918708665)	('>10k+', 27.781130025266066)
SRR19667552_2	(1.0, 12.240938714772353)	(2.0, 1.9097393340433155)	(3.0, 1.0875705875140935)	(4.0, 0.7971671238277485)	(5.0, 0.6995646352046888)	(6.0, 0.5639789120928521)	(7.0, 0.4627704201955416)	(8.0, 0.4115651737011777)	(9.0, 0.3569943241508463)	('>10', 7.058871609455421)	('>50', 4.487550874696194)	('>100', 15.58346334978472)	('>500', 10.140802407848588)	('>1k', 21.9841191615802)	('>5k', 8.150529000680333)	('>10k+', 14.06437437045193)
SRR19667553_1	(1.0, 7.862454851947172)	(2.0, 2.553972755438257)	(3.0, 1.540907824205367)	(4.0, 1.1409274953690802)	(5.0, 0.8770060488828418)	(6.0, 0.7212760028195334)	(7.0, 0.6846657814642996)	(8.0, 0.572649432541569)	(9.0, 0.5360392111863351)	('>10', 9.738318880492217)	('>50', 5.088820768377512)	('>100', 14.705287718090368)	('>500', 12.008699025730975)	('>1k', 18.358659956614158)	('>5k', 15.79867656781907)	('>10k+', 7.811637679021251)
SRR19667553_2	(1.0, 13.26874634580813)	(2.0, 2.302618996879935)	(3.0, 1.2720685867908135)	(4.0, 0.887388051953729)	(5.0, 0.7185438967482474)	(6.0, 0.6786551481074701)	(7.0, 0.6081668114682884)	(8.0, 0.493964777688529)	(9.0, 0.4671901381899251)	('>10', 9.160751657022333)	('>50', 6.256522903245195)	('>100', 19.936178002174756)	('>500', 10.407684867957313)	('>1k', 23.31688605478419)	('>5k', 4.57190629969018)	('>10k+', 5.652727461490965)
SRR19667554_1	(1.0, 4.336205538932259)	(2.0, 1.8214133051362233)	(3.0, 1.1352336385520485)	(4.0, 0.7847195662444598)	(5.0, 0.6411842786114423)	(6.0, 0.5372449323944295)	(7.0, 0.3874102904452294)	(8.0, 0.48595019010551416)	(9.0, 0.41305766158968704)	('>10', 6.145020135436117)	('>50', 3.9402461247722105)	('>100', 15.179644086481137)	('>500', 9.644761411955274)	('>1k', 35.39922157978807)	('>5k', 19.148687259555896)	('>10k+', 0.0)
SRR19667554_2	(1.0, 6.284055884271862)	(2.0, 1.7404216067853047)	(3.0, 1.00699678282976)	(4.0, 0.7595221489797296)	(5.0, 0.46570226551778443)	(6.0, 0.4373551710949628)	(7.0, 0.42520641634232487)	(8.0, 0.31316790029022024)	(9.0, 0.2632230196404869)	('>10', 5.827352696348624)	('>50', 3.8858017053252043)	('>100', 17.791176404418547)	('>500', 10.132061463699971)	('>1k', 29.73925172669801)	('>5k', 14.182546289005376)	('>10k+', 6.7461585187518285)
SRR19667555_1	(1.0, 5.402378153694145)	(2.0, 2.1302873886305176)	(3.0, 1.3351561302192467)	(4.0, 0.9318410248547725)	(5.0, 0.8262210183812883)	(6.0, 0.6567179434762611)	(7.0, 0.5425801945452378)	(8.0, 0.4633651896901245)	(9.0, 0.4676240609188941)	('>10', 7.382753275071975)	('>50', 4.37300897770055)	('>100', 18.391935401441202)	('>500', 10.759612272363333)	('>1k', 34.52070663191428)	('>5k', 11.815812337098174)	('>10k+', 0.0)
SRR19667555_2	(1.0, 6.006711981056541)	(2.0, 1.8117238207185569)	(3.0, 1.000408851637962)	(4.0, 0.6694945571625697)	(5.0, 0.5153234186811128)	(6.0, 0.44718147902080035)	(7.0, 0.3666888127970563)	(8.0, 0.3134529224374372)	(9.0, 0.29130679204783566)	('>10', 6.0808163404371305)	('>50', 4.554862779169009)	('>100', 18.28588950784484)	('>500', 14.060237474659717)	('>1k', 31.300999982964516)	('>5k', 8.069283317149623)	('>10k+', 6.225617962215294)
